{
	"asset": {
		"generator": "VISUALIZEGLTF",
		"version" : "2.0"
	},
	"extensionsUsed": [ "KHR_lights_punctual","KHR_texture_transform" ],
	"scenes": [
		{
			"name": "Default",
			"nodes": [
				0]
		}
	],
	"nodes": [
		{
			"children": [
				1, 2306, 2307, 2308, 2309, 2310, 2311, 2312
			]
			,"name": "Root"		}
,
		{
			"children": [
				2, 4, 6, 466, 926, 1386, 1846
			]
			,"matrix": [
				1,					0,					0,					0,
				0,					1,					0,					0,
				0,					0,					1,					0,
				0,					0.1271856,					0,					1
			]
			,"name": "Assembly (Default)"		}
,
		{
			"children": [
				3
			]
			,"name": "Pipe-1"		}
,
		{
			"mesh": 0
			,"name": "Pipe-1 - Part"		}
,
		{
			"children": [
				5
			]
			,"name": "Dirt-1"		}
,
		{
			"mesh": 1
			,"name": "Dirt-1 - Part"		}
,
		{
			"children": [
				7, 12, 21, 30, 39, 48, 57, 66, 75, 84, 93, 102, 111, 120, 129, 138, 147, 156, 165, 174, 183, 192, 201, 210, 219, 228, 237, 246, 253, 260, 267, 274, 281, 288, 295, 302, 309, 316, 325, 334, 341, 348, 357, 366
			]
			,"name": "SB-Assembly-1"		}
,
		{
			"children": [
				8, 10
			]
			,"matrix": [
				0.9355716,					0,					0.353137,					0,
				0,					1,					0,					0,
				-0.353137,					0,					0.9355716,					0,
				0,					0.0254,					0,					1
			]
			,"name": "SB-pot-1"		}
,
		{
			"children": [
				9
			]
			,"name": "Dairesel Kaplama1"		}
,
		{
			"mesh": 2
			,"name": "Dairesel Kaplama1 - Part"		}
,
		{
			"children": [
				11
			]
			,"name": "Döndür2"		}
,
		{
			"mesh": 3
			,"name": "Döndür2 - Part"		}
,
		{
			"children": [
				13, 15, 17, 19
			]
			,"matrix": [
				0.9339501,					-0.05391349,					0.3533136,					0,
				0.1866106,					0.916667,					-0.3534092,					0,
				-0.3048174,					0.3959986,					0.8661821,					0,
				-0.02147673,					0.2896027,					0.08342394,					1
			]
			,"name": "SB-leaf 1-1"		}
,
		{
			"children": [
				14
			]
			,"name": "Kalınlaştır1"		}
,
		{
			"mesh": 4
			,"name": "Kalınlaştır1 - Part"		}
,
		{
			"children": [
				16
			]
			,"name": "Kalınlaştır2"		}
,
		{
			"mesh": 5
			,"name": "Kalınlaştır2 - Part"		}
,
		{
			"children": [
				18
			]
			,"name": "Kalınlaştır3"		}
,
		{
			"mesh": 6
			,"name": "Kalınlaştır3 - Part"		}
,
		{
			"children": [
				20
			]
			,"name": "Süpür1"		}
,
		{
			"mesh": 7
			,"name": "Süpür1 - Part"		}
,
		{
			"children": [
				22, 24, 26, 28
			]
			,"matrix": [
				0.7852942,					-0.02610421,					-0.6185722,					0,
				0.2969273,					0.89259,					0.3392894,					0,
				0.5432745,					-0.4501129,					0.7086968,					0,
				0.06300257,					0.1969891,					0.08571955,					1
			]
			,"name": "SB-leaf 2-1"		}
,
		{
			"children": [
				23
			]
			,"name": "Kalınlaştır1 2"		}
,
		{
			"mesh": 8
			,"name": "Kalınlaştır1 2 - Part"		}
,
		{
			"children": [
				25
			]
			,"name": "Kalınlaştır2 2"		}
,
		{
			"mesh": 9
			,"name": "Kalınlaştır2 2 - Part"		}
,
		{
			"children": [
				27
			]
			,"name": "Kalınlaştır3 2"		}
,
		{
			"mesh": 10
			,"name": "Kalınlaştır3 2 - Part"		}
,
		{
			"children": [
				29
			]
			,"name": "Süpür1 2"		}
,
		{
			"mesh": 11
			,"name": "Süpür1 2 - Part"		}
,
		{
			"children": [
				31, 33, 35, 37
			]
			,"matrix": [
				0.9788706,					0.09269654,					0.1822627,					0,
				-0.1992161,					0.6332799,					0.7478433,					0,
				-0.04610083,					-0.7683514,					0.6383657,					0,
				0.01029201,					0.1535473,					0.09771127,					1
			]
			,"name": "SB-leaf 3-1"		}
,
		{
			"children": [
				32
			]
			,"name": "Ölçek1[1]"		}
,
		{
			"mesh": 12
			,"name": "Ölçek1[1] - Part"		}
,
		{
			"children": [
				34
			]
			,"name": "Ölçek1[2]"		}
,
		{
			"mesh": 13
			,"name": "Ölçek1[2] - Part"		}
,
		{
			"children": [
				36
			]
			,"name": "Ölçek1[3]"		}
,
		{
			"mesh": 14
			,"name": "Ölçek1[3] - Part"		}
,
		{
			"children": [
				38
			]
			,"name": "Ölçek1[4]"		}
,
		{
			"mesh": 15
			,"name": "Ölçek1[4] - Part"		}
,
		{
			"children": [
				40, 42, 44, 46
			]
			,"matrix": [
				-0.8264948,					-0.01845651,					-0.5626417,					0,
				0.2867176,					0.8463147,					-0.4489369,					0,
				0.4844578,					-0.5323634,					-0.6941829,					0,
				0.05627083,					0.1885036,					-0.1011542,					1
			]
			,"name": "SB-leaf 2-2"		}
,
		{
			"children": [
				41
			]
			,"name": "Kalınlaştır1 3"		}
,
		{
			"mesh": 16
			,"name": "Kalınlaştır1 3 - Part"		}
,
		{
			"children": [
				43
			]
			,"name": "Kalınlaştır2 3"		}
,
		{
			"mesh": 17
			,"name": "Kalınlaştır2 3 - Part"		}
,
		{
			"children": [
				45
			]
			,"name": "Kalınlaştır3 3"		}
,
		{
			"mesh": 18
			,"name": "Kalınlaştır3 3 - Part"		}
,
		{
			"children": [
				47
			]
			,"name": "Süpür1 3"		}
,
		{
			"mesh": 19
			,"name": "Süpür1 3 - Part"		}
,
		{
			"children": [
				49, 51, 53, 55
			]
			,"matrix": [
				0.07528356,					0.03291703,					-0.9966187,					0,
				0.497569,					0.8648983,					0.06615233,					0,
				0.8641513,					-0.5008668,					0.04873413,					0,
				0.09279551,					0.1849232,					-0.03484872,					1
			]
			,"name": "SB-leaf 3-2"		}
,
		{
			"children": [
				50
			]
			,"name": "Ölçek11 2"		}
,
		{
			"mesh": 20
			,"name": "Ölçek11 - Part 2"		}
,
		{
			"children": [
				52
			]
			,"name": "Ölçek12 2"		}
,
		{
			"mesh": 21
			,"name": "Ölçek12 - Part 2"		}
,
		{
			"children": [
				54
			]
			,"name": "Ölçek13 2"		}
,
		{
			"mesh": 22
			,"name": "Ölçek13 - Part 2"		}
,
		{
			"children": [
				56
			]
			,"name": "Ölçek14 2"		}
,
		{
			"mesh": 23
			,"name": "Ölçek14 - Part 2"		}
,
		{
			"children": [
				58, 60, 62, 64
			]
			,"matrix": [
				0.2311778,					0.008933932,					-0.9728705,					0,
				0.9507784,					0.2100042,					0.2278567,					0,
				0.2063425,					-0.9776597,					0.04005412,					0,
				0.1058528,					0.150958,					0.02961576,					1
			]
			,"name": "SB-leaf 2-3"		}
,
		{
			"children": [
				59
			]
			,"name": "Kalınlaştır1 4"		}
,
		{
			"mesh": 24
			,"name": "Kalınlaştır1 4 - Part"		}
,
		{
			"children": [
				61
			]
			,"name": "Kalınlaştır2 4"		}
,
		{
			"mesh": 25
			,"name": "Kalınlaştır2 4 - Part"		}
,
		{
			"children": [
				63
			]
			,"name": "Kalınlaştır3 4"		}
,
		{
			"mesh": 26
			,"name": "Kalınlaştır3 4 - Part"		}
,
		{
			"children": [
				65
			]
			,"name": "Süpür1 4"		}
,
		{
			"mesh": 27
			,"name": "Süpür1 4 - Part"		}
,
		{
			"children": [
				67, 69, 71, 73
			]
			,"matrix": [
				-0.212399,					-0.03692428,					0.9764851,					0,
				0.3120787,					0.9443916,					0.1035921,					0,
				-0.9260095,					0.3267431,					-0.1890645,					0,
				-0.05779409,					0.2718032,					-0.01797793,					1
			]
			,"name": "SB-leaf 1-2"		}
,
		{
			"children": [
				68
			]
			,"name": "Kalınlaştır1 5"		}
,
		{
			"mesh": 28
			,"name": "Kalınlaştır1 5 - Part"		}
,
		{
			"children": [
				70
			]
			,"name": "Kalınlaştır2 5"		}
,
		{
			"mesh": 29
			,"name": "Kalınlaştır2 5 - Part"		}
,
		{
			"children": [
				72
			]
			,"name": "Kalınlaştır3 5"		}
,
		{
			"mesh": 30
			,"name": "Kalınlaştır3 5 - Part"		}
,
		{
			"children": [
				74
			]
			,"name": "Süpür1 5"		}
,
		{
			"mesh": 31
			,"name": "Süpür1 5 - Part"		}
,
		{
			"children": [
				76, 78, 80, 82
			]
			,"matrix": [
				-0.06353667,					-0.02986643,					-0.9975325,					0,
				-0.004198957,					0.9995512,					-0.02965943,					0,
				0.9979707,					0.002304135,					-0.06363356,					0,
				0.135758,					0.251684,					-0.007869869,					1
			]
			,"name": "SB-leaf 1-3"		}
,
		{
			"children": [
				77
			]
			,"name": "Kalınlaştır1 6"		}
,
		{
			"mesh": 32
			,"name": "Kalınlaştır1 6 - Part"		}
,
		{
			"children": [
				79
			]
			,"name": "Kalınlaştır2 6"		}
,
		{
			"mesh": 33
			,"name": "Kalınlaştır2 6 - Part"		}
,
		{
			"children": [
				81
			]
			,"name": "Kalınlaştır3 6"		}
,
		{
			"mesh": 34
			,"name": "Kalınlaştır3 6 - Part"		}
,
		{
			"children": [
				83
			]
			,"name": "Süpür1 6"		}
,
		{
			"mesh": 35
			,"name": "Süpür1 6 - Part"		}
,
		{
			"children": [
				85, 87, 89, 91
			]
			,"matrix": [
				0.9311797,					-0.1734411,					-0.3206595,					0,
				0.0600718,					0.9405541,					-0.3342895,					0,
				0.3595771,					0.292021,					0.8862438,					0,
				0.05231611,					0.2290947,					0.03440635,					1
			]
			,"name": "SB-leaf 4-1"		}
,
		{
			"children": [
				86
			]
			,"name": "Ölçek11 3"		}
,
		{
			"mesh": 36
			,"name": "Ölçek11 - Part 3"		}
,
		{
			"children": [
				88
			]
			,"name": "Ölçek12 3"		}
,
		{
			"mesh": 37
			,"name": "Ölçek12 - Part 3"		}
,
		{
			"children": [
				90
			]
			,"name": "Ölçek13 3"		}
,
		{
			"mesh": 38
			,"name": "Ölçek13 - Part 3"		}
,
		{
			"children": [
				92
			]
			,"name": "Ölçek14 3"		}
,
		{
			"mesh": 39
			,"name": "Ölçek14 - Part 3"		}
,
		{
			"children": [
				94, 96, 98, 100
			]
			,"matrix": [
				0.9311797,					-0.1734411,					-0.3206595,					0,
				0.0600718,					0.9405541,					-0.3342895,					0,
				0.3595771,					0.292021,					0.8862438,					0,
				0.05077845,					0.1935444,					0.07788118,					1
			]
			,"name": "SB-leaf 4-2"		}
,
		{
			"children": [
				95
			]
			,"name": "Ölçek11 4"		}
,
		{
			"mesh": 40
			,"name": "Ölçek11 - Part 4"		}
,
		{
			"children": [
				97
			]
			,"name": "Ölçek12 4"		}
,
		{
			"mesh": 41
			,"name": "Ölçek12 - Part 4"		}
,
		{
			"children": [
				99
			]
			,"name": "Ölçek13 4"		}
,
		{
			"mesh": 42
			,"name": "Ölçek13 - Part 4"		}
,
		{
			"children": [
				101
			]
			,"name": "Ölçek14 4"		}
,
		{
			"mesh": 43
			,"name": "Ölçek14 - Part 4"		}
,
		{
			"children": [
				103, 105, 107, 109
			]
			,"matrix": [
				0.119763,					0.126934,					0.9846545,					0,
				-0.6205975,					0.783713,					-0.02554723,					0,
				-0.7749294,					-0.6080145,					0.1726348,					0,
				-0.09821463,					0.1683749,					0.01953629,					1
			]
			,"name": "SB-leaf 3-3"		}
,
		{
			"children": [
				104
			]
			,"name": "Ölçek11 5"		}
,
		{
			"mesh": 44
			,"name": "Ölçek11 - Part 5"		}
,
		{
			"children": [
				106
			]
			,"name": "Ölçek12 5"		}
,
		{
			"mesh": 45
			,"name": "Ölçek12 - Part 5"		}
,
		{
			"children": [
				108
			]
			,"name": "Ölçek13 5"		}
,
		{
			"mesh": 46
			,"name": "Ölçek13 - Part 5"		}
,
		{
			"children": [
				110
			]
			,"name": "Ölçek14 5"		}
,
		{
			"mesh": 47
			,"name": "Ölçek14 - Part 5"		}
,
		{
			"children": [
				112, 114, 116, 118
			]
			,"matrix": [
				0.521788,					0.0006699869,					0.8530749,					0,
				-0.3380687,					0.9182857,					0.2060604,					0,
				-0.7832285,					-0.3959178,					0.479377,					0,
				-0.08641183,					0.1861806,					0.06056142,					1
			]
			,"name": "SB-leaf 2-5"		}
,
		{
			"children": [
				113
			]
			,"name": "Kalınlaştır1 7"		}
,
		{
			"mesh": 48
			,"name": "Kalınlaştır1 7 - Part"		}
,
		{
			"children": [
				115
			]
			,"name": "Kalınlaştır2 7"		}
,
		{
			"mesh": 49
			,"name": "Kalınlaştır2 7 - Part"		}
,
		{
			"children": [
				117
			]
			,"name": "Kalınlaştır3 7"		}
,
		{
			"mesh": 50
			,"name": "Kalınlaştır3 7 - Part"		}
,
		{
			"children": [
				119
			]
			,"name": "Süpür1 7"		}
,
		{
			"mesh": 51
			,"name": "Süpür1 7 - Part"		}
,
		{
			"children": [
				121, 123, 125, 127
			]
			,"matrix": [
				-0.7378082,					-0.07884115,					0.6703903,					0,
				-0.557812,					0.630479,					-0.5397611,					0,
				-0.3801116,					-0.7721919,					-0.5091511,					0,
				-0.06940883,					0.2026979,					-0.08479867,					1
			]
			,"name": "SB-leaf 2-6"		}
,
		{
			"children": [
				122
			]
			,"name": "Kalınlaştır1 8"		}
,
		{
			"mesh": 52
			,"name": "Kalınlaştır1 8 - Part"		}
,
		{
			"children": [
				124
			]
			,"name": "Kalınlaştır2 8"		}
,
		{
			"mesh": 53
			,"name": "Kalınlaştır2 8 - Part"		}
,
		{
			"children": [
				126
			]
			,"name": "Kalınlaştır3 8"		}
,
		{
			"mesh": 54
			,"name": "Kalınlaştır3 8 - Part"		}
,
		{
			"children": [
				128
			]
			,"name": "Süpür1 8"		}
,
		{
			"mesh": 55
			,"name": "Süpür1 8 - Part"		}
,
		{
			"children": [
				130, 132, 134, 136
			]
			,"matrix": [
				0.5641724,					-0.0949158,					-0.8201832,					0,
				-0.2315063,					0.9353373,					-0.2674863,					0,
				0.7925367,					0.340786,					0.5057179,					0,
				0.06819894,					0.2632224,					-0.003604128,					1
			]
			,"name": "SB-leaf 1-4"		}
,
		{
			"children": [
				131
			]
			,"name": "Kalınlaştır1 9"		}
,
		{
			"mesh": 56
			,"name": "Kalınlaştır1 9 - Part"		}
,
		{
			"children": [
				133
			]
			,"name": "Kalınlaştır2 9"		}
,
		{
			"mesh": 57
			,"name": "Kalınlaştır2 9 - Part"		}
,
		{
			"children": [
				135
			]
			,"name": "Kalınlaştır3 9"		}
,
		{
			"mesh": 58
			,"name": "Kalınlaştır3 9 - Part"		}
,
		{
			"children": [
				137
			]
			,"name": "Süpür1 9"		}
,
		{
			"mesh": 59
			,"name": "Süpür1 9 - Part"		}
,
		{
			"children": [
				139, 141, 143, 145
			]
			,"matrix": [
				-0.7873852,					-0.5146968,					0.3392812,					0,
				-0.6161159,					0.6754563,					-0.4051666,					0,
				-0.02063169,					-0.5280587,					-0.8489572,					0,
				-0.05217863,					0.1601717,					-0.08130866,					1
			]
			,"name": "SB-leaf 3-4"		}
,
		{
			"children": [
				140
			]
			,"name": "Ölçek11 6"		}
,
		{
			"mesh": 60
			,"name": "Ölçek11 - Part 6"		}
,
		{
			"children": [
				142
			]
			,"name": "Ölçek12 6"		}
,
		{
			"mesh": 61
			,"name": "Ölçek12 - Part 6"		}
,
		{
			"children": [
				144
			]
			,"name": "Ölçek13 6"		}
,
		{
			"mesh": 62
			,"name": "Ölçek13 - Part 6"		}
,
		{
			"children": [
				146
			]
			,"name": "Ölçek14 6"		}
,
		{
			"mesh": 63
			,"name": "Ölçek14 - Part 6"		}
,
		{
			"children": [
				148, 150, 152, 154
			]
			,"matrix": [
				-0.7872115,					-0.1803955,					0.589708,					0,
				-0.4449465,					0.8282613,					-0.3405963,					0,
				-0.4269903,					-0.5305098,					-0.7322832,					0,
				-0.04973415,					0.1788374,					-0.1155113,					1
			]
			,"name": "SB-leaf 2-7"		}
,
		{
			"children": [
				149
			]
			,"name": "Kalınlaştır1 10"		}
,
		{
			"mesh": 64
			,"name": "Kalınlaştır1 10 - Part"		}
,
		{
			"children": [
				151
			]
			,"name": "Kalınlaştır2 10"		}
,
		{
			"mesh": 65
			,"name": "Kalınlaştır2 10 - Part"		}
,
		{
			"children": [
				153
			]
			,"name": "Kalınlaştır3 10"		}
,
		{
			"mesh": 66
			,"name": "Kalınlaştır3 10 - Part"		}
,
		{
			"children": [
				155
			]
			,"name": "Süpür1 10"		}
,
		{
			"mesh": 67
			,"name": "Süpür1 10 - Part"		}
,
		{
			"children": [
				157, 159, 161, 163
			]
			,"matrix": [
				0.9531048,					-0.01426829,					-0.3023039,					0,
				-0.1348809,					0.87417,					-0.4665125,					0,
				0.2709214,					0.4854104,					0.8312511,					0,
				-0.05553912,					0.2162048,					0.008433855,					1
			]
			,"name": "SB-leaf 4-3"		}
,
		{
			"children": [
				158
			]
			,"name": "Ölçek11 7"		}
,
		{
			"mesh": 68
			,"name": "Ölçek11 - Part 7"		}
,
		{
			"children": [
				160
			]
			,"name": "Ölçek12 7"		}
,
		{
			"mesh": 69
			,"name": "Ölçek12 - Part 7"		}
,
		{
			"children": [
				162
			]
			,"name": "Ölçek13 7"		}
,
		{
			"mesh": 70
			,"name": "Ölçek13 - Part 7"		}
,
		{
			"children": [
				164
			]
			,"name": "Ölçek14 7"		}
,
		{
			"mesh": 71
			,"name": "Ölçek14 - Part 7"		}
,
		{
			"children": [
				166, 168, 170, 172
			]
			,"matrix": [
				0.9531048,					-0.01426829,					-0.3023039,					0,
				-0.1348809,					0.87417,					-0.4665125,					0,
				0.2709214,					0.4854104,					0.8312511,					0,
				-0.00360848,					0.2391632,					0.07328353,					1
			]
			,"name": "SB-leaf 4-4"		}
,
		{
			"children": [
				167
			]
			,"name": "Ölçek11 8"		}
,
		{
			"mesh": 72
			,"name": "Ölçek11 - Part 8"		}
,
		{
			"children": [
				169
			]
			,"name": "Ölçek12 8"		}
,
		{
			"mesh": 73
			,"name": "Ölçek12 - Part 8"		}
,
		{
			"children": [
				171
			]
			,"name": "Ölçek13 8"		}
,
		{
			"mesh": 74
			,"name": "Ölçek13 - Part 8"		}
,
		{
			"children": [
				173
			]
			,"name": "Ölçek14 8"		}
,
		{
			"mesh": 75
			,"name": "Ölçek14 - Part 8"		}
,
		{
			"children": [
				175, 177, 179, 181
			]
			,"matrix": [
				0.9886802,					-0.1500285,					0.00171685,					0,
				0.1061294,					0.7073843,					0.6988161,					0,
				-0.1060568,					-0.6907234,					0.7152994,					0,
				0.004919282,					0.207994,					0.05151909,					1
			]
			,"name": "SB-leaf 2-8"		}
,
		{
			"children": [
				176
			]
			,"name": "Kalınlaştır1 11"		}
,
		{
			"mesh": 76
			,"name": "Kalınlaştır1 11 - Part"		}
,
		{
			"children": [
				178
			]
			,"name": "Kalınlaştır2 11"		}
,
		{
			"mesh": 77
			,"name": "Kalınlaştır2 11 - Part"		}
,
		{
			"children": [
				180
			]
			,"name": "Kalınlaştır3 11"		}
,
		{
			"mesh": 78
			,"name": "Kalınlaştır3 11 - Part"		}
,
		{
			"children": [
				182
			]
			,"name": "Süpür1 11"		}
,
		{
			"mesh": 79
			,"name": "Süpür1 11 - Part"		}
,
		{
			"children": [
				184, 186, 188, 190
			]
			,"matrix": [
				0.9449348,					-0.01864234,					0.3267271,					0,
				-0.03184649,					0.9883995,					0.1484999,					0,
				-0.3257053,					-0.1507278,					0.9333794,					0,
				-0.03067732,					0.1907673,					0.1113233,					1
			]
			,"name": "SB-leaf 4-5"		}
,
		{
			"children": [
				185
			]
			,"name": "Ölçek11 9"		}
,
		{
			"mesh": 80
			,"name": "Ölçek11 - Part 9"		}
,
		{
			"children": [
				187
			]
			,"name": "Ölçek12 9"		}
,
		{
			"mesh": 81
			,"name": "Ölçek12 - Part 9"		}
,
		{
			"children": [
				189
			]
			,"name": "Ölçek13 9"		}
,
		{
			"mesh": 82
			,"name": "Ölçek13 - Part 9"		}
,
		{
			"children": [
				191
			]
			,"name": "Ölçek14 9"		}
,
		{
			"mesh": 83
			,"name": "Ölçek14 - Part 9"		}
,
		{
			"children": [
				193, 195, 197, 199
			]
			,"matrix": [
				0.9999436,					-0.009347749,					0.005033708,					0,
				0.01060081,					0.9051703,					-0.424917,					0,
				-0.0005843454,					0.4249464,					0.9052183,					0,
				-0.03834176,					0.2478682,					0.04784075,					1
			]
			,"name": "SB-leaf 1-5"		}
,
		{
			"children": [
				194
			]
			,"name": "Kalınlaştır1 12"		}
,
		{
			"mesh": 84
			,"name": "Kalınlaştır1 12 - Part"		}
,
		{
			"children": [
				196
			]
			,"name": "Kalınlaştır2 12"		}
,
		{
			"mesh": 85
			,"name": "Kalınlaştır2 12 - Part"		}
,
		{
			"children": [
				198
			]
			,"name": "Kalınlaştır3 12"		}
,
		{
			"mesh": 86
			,"name": "Kalınlaştır3 12 - Part"		}
,
		{
			"children": [
				200
			]
			,"name": "Süpür1 12"		}
,
		{
			"mesh": 87
			,"name": "Süpür1 12 - Part"		}
,
		{
			"children": [
				202, 204, 206, 208
			]
			,"matrix": [
				0.3226477,					0.1249768,					-0.938232,					0,
				0.09169939,					0.9824545,					0.1624018,					0,
				0.9420667,					-0.1384339,					0.3055264,					0,
				0.07354533,					0.1678602,					0.02939843,					1
			]
			,"name": "SB-leaf 2-9"		}
,
		{
			"children": [
				203
			]
			,"name": "Kalınlaştır1 13"		}
,
		{
			"mesh": 88
			,"name": "Kalınlaştır1 13 - Part"		}
,
		{
			"children": [
				205
			]
			,"name": "Kalınlaştır2 13"		}
,
		{
			"mesh": 89
			,"name": "Kalınlaştır2 13 - Part"		}
,
		{
			"children": [
				207
			]
			,"name": "Kalınlaştır3 13"		}
,
		{
			"mesh": 90
			,"name": "Kalınlaştır3 13 - Part"		}
,
		{
			"children": [
				209
			]
			,"name": "Süpür1 13"		}
,
		{
			"mesh": 91
			,"name": "Süpür1 13 - Part"		}
,
		{
			"children": [
				211, 213, 215, 217
			]
			,"matrix": [
				0.9531048,					-0.01426829,					-0.3023039,					0,
				-0.1348809,					0.87417,					-0.4665125,					0,
				0.2709214,					0.4854104,					0.8312511,					0,
				0.02994549,					0.1850504,					-0.0321418,					1
			]
			,"name": "SB-leaf 4-6"		}
,
		{
			"children": [
				212
			]
			,"name": "Ölçek11 10"		}
,
		{
			"mesh": 92
			,"name": "Ölçek11 - Part 10"		}
,
		{
			"children": [
				214
			]
			,"name": "Ölçek12 10"		}
,
		{
			"mesh": 93
			,"name": "Ölçek12 - Part 10"		}
,
		{
			"children": [
				216
			]
			,"name": "Ölçek13 10"		}
,
		{
			"mesh": 94
			,"name": "Ölçek13 - Part 10"		}
,
		{
			"children": [
				218
			]
			,"name": "Ölçek14 10"		}
,
		{
			"mesh": 95
			,"name": "Ölçek14 - Part 10"		}
,
		{
			"children": [
				220, 222, 224, 226
			]
			,"matrix": [
				-0.2971138,					-0.1120936,					0.9482396,					0,
				-0.05376291,					0.9934738,					0.1005951,					0,
				-0.9533273,					-0.02109192,					-0.3012013,					0,
				-0.06056767,					0.1810927,					-0.03270733,					1
			]
			,"name": "SB-leaf 2-10"		}
,
		{
			"children": [
				221
			]
			,"name": "Kalınlaştır1 14"		}
,
		{
			"mesh": 96
			,"name": "Kalınlaştır1 14 - Part"		}
,
		{
			"children": [
				223
			]
			,"name": "Kalınlaştır2 14"		}
,
		{
			"mesh": 97
			,"name": "Kalınlaştır2 14 - Part"		}
,
		{
			"children": [
				225
			]
			,"name": "Kalınlaştır3 14"		}
,
		{
			"mesh": 98
			,"name": "Kalınlaştır3 14 - Part"		}
,
		{
			"children": [
				227
			]
			,"name": "Süpür1 14"		}
,
		{
			"mesh": 99
			,"name": "Süpür1 14 - Part"		}
,
		{
			"children": [
				229, 231, 233, 235
			]
			,"matrix": [
				0.9531048,					-0.01426829,					-0.3023039,					0,
				-0.1348809,					0.87417,					-0.4665125,					0,
				0.2709214,					0.4854104,					0.8312511,					0,
				-0.01959864,					0.1932698,					0.06062198,					1
			]
			,"name": "SB-leaf 4-7"		}
,
		{
			"children": [
				230
			]
			,"name": "Ölçek11 11"		}
,
		{
			"mesh": 100
			,"name": "Ölçek11 - Part 11"		}
,
		{
			"children": [
				232
			]
			,"name": "Ölçek12 11"		}
,
		{
			"mesh": 101
			,"name": "Ölçek12 - Part 11"		}
,
		{
			"children": [
				234
			]
			,"name": "Ölçek13 11"		}
,
		{
			"mesh": 102
			,"name": "Ölçek13 - Part 11"		}
,
		{
			"children": [
				236
			]
			,"name": "Ölçek14 11"		}
,
		{
			"mesh": 103
			,"name": "Ölçek14 - Part 11"		}
,
		{
			"children": [
				238, 240, 242, 244
			]
			,"matrix": [
				-0.6880286,					-0.04018008,					-0.7245703,					0,
				-0.1633129,					0.9814265,					0.1006529,					0,
				0.7070683,					0.1875837,					-0.6818114,					0,
				0.01543498,					0.1986113,					-0.04584967,					1
			]
			,"name": "SB-leaf 2-11"		}
,
		{
			"children": [
				239
			]
			,"name": "Kalınlaştır1 15"		}
,
		{
			"mesh": 104
			,"name": "Kalınlaştır1 15 - Part"		}
,
		{
			"children": [
				241
			]
			,"name": "Kalınlaştır2 15"		}
,
		{
			"mesh": 105
			,"name": "Kalınlaştır2 15 - Part"		}
,
		{
			"children": [
				243
			]
			,"name": "Kalınlaştır3 15"		}
,
		{
			"mesh": 106
			,"name": "Kalınlaştır3 15 - Part"		}
,
		{
			"children": [
				245
			]
			,"name": "Süpür1 15"		}
,
		{
			"mesh": 107
			,"name": "Süpür1 15 - Part"		}
,
		{
			"children": [
				247, 249, 251
			]
			,"matrix": [
				0.9355716,					0,					0.353137,					0,
				0,					1,					0,					0,
				-0.353137,					0,					0.9355716,					0,
				-0.01213732,					0.2404537,					0.05564624,					1
			]
			,"name": "SB-Strawberry-1"		}
,
		{
			"children": [
				248
			]
			,"name": "DeleteFace1"		}
,
		{
			"mesh": 108
			,"name": "DeleteFace1 - Part"		}
,
		{
			"children": [
				250
			]
			,"name": "Fillet1"		}
,
		{
			"mesh": 109
			,"name": "Fillet1 - Part"		}
,
		{
			"children": [
				252
			]
			,"name": "Fillet2"		}
,
		{
			"mesh": 110
			,"name": "Fillet2 - Part"		}
,
		{
			"children": [
				254, 256, 258
			]
			,"matrix": [
				0.2166339,					0.03867589,					-0.9754865,					0,
				-0.06533836,					0.9975489,					0.02504042,					0,
				0.974064,					0.05831208,					0.21863,					0,
				0.01016648,					0.234871,					0.04187278,					1
			]
			,"name": "SB-Strawberry-2"		}
,
		{
			"children": [
				255
			]
			,"name": "DeleteFace1 2"		}
,
		{
			"mesh": 111
			,"name": "DeleteFace1 2 - Part"		}
,
		{
			"children": [
				257
			]
			,"name": "Fillet1 2"		}
,
		{
			"mesh": 112
			,"name": "Fillet1 2 - Part"		}
,
		{
			"children": [
				259
			]
			,"name": "Fillet2 2"		}
,
		{
			"mesh": 113
			,"name": "Fillet2 2 - Part"		}
,
		{
			"children": [
				261, 263, 265
			]
			,"matrix": [
				0.2166339,					0.03867589,					-0.9754865,					0,
				-0.06533836,					0.9975489,					0.02504042,					0,
				0.974064,					0.05831208,					0.21863,					0,
				0.07997447,					0.1976649,					0.000546791,					1
			]
			,"name": "SB-Strawberry-3"		}
,
		{
			"children": [
				262
			]
			,"name": "DeleteFace1 3"		}
,
		{
			"mesh": 114
			,"name": "DeleteFace1 3 - Part"		}
,
		{
			"children": [
				264
			]
			,"name": "Fillet1 3"		}
,
		{
			"mesh": 115
			,"name": "Fillet1 3 - Part"		}
,
		{
			"children": [
				266
			]
			,"name": "Fillet2 3"		}
,
		{
			"mesh": 116
			,"name": "Fillet2 3 - Part"		}
,
		{
			"children": [
				268, 270, 272
			]
			,"matrix": [
				0.9618708,					-0.1290178,					-0.2411618,					0,
				0.09268042,					0.9833336,					-0.1564137,					0,
				0.2573226,					0.1280988,					0.9577973,					0,
				-0.03485574,					0.1744828,					0.04838591,					1
			]
			,"name": "SB-Strawberry-4"		}
,
		{
			"children": [
				269
			]
			,"name": "DeleteFace1 4"		}
,
		{
			"mesh": 117
			,"name": "DeleteFace1 4 - Part"		}
,
		{
			"children": [
				271
			]
			,"name": "Fillet1 4"		}
,
		{
			"mesh": 118
			,"name": "Fillet1 4 - Part"		}
,
		{
			"children": [
				273
			]
			,"name": "Fillet2 4"		}
,
		{
			"mesh": 119
			,"name": "Fillet2 4 - Part"		}
,
		{
			"children": [
				275, 277, 279
			]
			,"matrix": [
				0.9689727,					0.006884629,					0.2470719,					0,
				-0.0942155,					0.93443,					0.3434589,					0,
				-0.2285068,					-0.3560803,					0.9060858,					0,
				0.02851347,					0.1840473,					0.04868635,					1
			]
			,"name": "SB-Strawberry-5"		}
,
		{
			"children": [
				276
			]
			,"name": "DeleteFace1 5"		}
,
		{
			"mesh": 120
			,"name": "DeleteFace1 5 - Part"		}
,
		{
			"children": [
				278
			]
			,"name": "Fillet1 5"		}
,
		{
			"mesh": 121
			,"name": "Fillet1 5 - Part"		}
,
		{
			"children": [
				280
			]
			,"name": "Fillet2 5"		}
,
		{
			"mesh": 122
			,"name": "Fillet2 5 - Part"		}
,
		{
			"children": [
				282, 284, 286
			]
			,"matrix": [
				0.7746063,					-0.08197282,					-0.6271088,					0,
				-0.006994045,					0.9903938,					-0.1380989,					0,
				0.632405,					0.1113583,					0.766592,					0,
				0.03991702,					0.2155349,					-0.01265032,					1
			]
			,"name": "SB-Strawberry-6"		}
,
		{
			"children": [
				283
			]
			,"name": "DeleteFace1 6"		}
,
		{
			"mesh": 123
			,"name": "DeleteFace1 6 - Part"		}
,
		{
			"children": [
				285
			]
			,"name": "Fillet1 6"		}
,
		{
			"mesh": 124
			,"name": "Fillet1 6 - Part"		}
,
		{
			"children": [
				287
			]
			,"name": "Fillet2 6"		}
,
		{
			"mesh": 125
			,"name": "Fillet2 6 - Part"		}
,
		{
			"children": [
				289, 291, 293
			]
			,"matrix": [
				-0.5789627,					0.08173174,					0.8112472,					0,
				0.05825045,					0.996567,					-0.05883079,					0,
				-0.8132706,					0.01319468,					-0.5817361,					0,
				-0.02600226,					0.2251419,					-0.01643651,					1
			]
			,"name": "SB-Strawberry-7"		}
,
		{
			"children": [
				290
			]
			,"name": "DeleteFace1 7"		}
,
		{
			"mesh": 126
			,"name": "DeleteFace1 7 - Part"		}
,
		{
			"children": [
				292
			]
			,"name": "Fillet1 7"		}
,
		{
			"mesh": 127
			,"name": "Fillet1 7 - Part"		}
,
		{
			"children": [
				294
			]
			,"name": "Fillet2 7"		}
,
		{
			"mesh": 128
			,"name": "Fillet2 7 - Part"		}
,
		{
			"children": [
				296, 298, 300
			]
			,"matrix": [
				-0.8738961,					0.00420903,					-0.4860945,					0,
				0.1033023,					0.9787309,					-0.1772412,					0,
				0.4750097,					-0.2051051,					-0.8557439,					0,
				-0.03367918,					0.2120828,					-0.05569769,					1
			]
			,"name": "SB-Strawberry-8"		}
,
		{
			"children": [
				297
			]
			,"name": "DeleteFace1 8"		}
,
		{
			"mesh": 129
			,"name": "DeleteFace1 8 - Part"		}
,
		{
			"children": [
				299
			]
			,"name": "Fillet1 8"		}
,
		{
			"mesh": 130
			,"name": "Fillet1 8 - Part"		}
,
		{
			"children": [
				301
			]
			,"name": "Fillet2 8"		}
,
		{
			"mesh": 131
			,"name": "Fillet2 8 - Part"		}
,
		{
			"children": [
				303, 305, 307
			]
			,"matrix": [
				-0.8738961,					0.00420903,					-0.4860945,					0,
				0.1033023,					0.9787309,					-0.1772412,					0,
				0.4750097,					-0.2051051,					-0.8557439,					0,
				-0.01947949,					0.1727085,					-0.08315271,					1
			]
			,"name": "SB-Strawberry-9"		}
,
		{
			"children": [
				304
			]
			,"name": "DeleteFace1 9"		}
,
		{
			"mesh": 132
			,"name": "DeleteFace1 9 - Part"		}
,
		{
			"children": [
				306
			]
			,"name": "Fillet1 9"		}
,
		{
			"mesh": 133
			,"name": "Fillet1 9 - Part"		}
,
		{
			"children": [
				308
			]
			,"name": "Fillet2 9"		}
,
		{
			"mesh": 134
			,"name": "Fillet2 9 - Part"		}
,
		{
			"children": [
				310, 312, 314
			]
			,"matrix": [
				-0.6898621,					0.04365086,					0.7226236,					0,
				0.04907294,					0.9987043,					-0.01347969,					0,
				-0.7222757,					0.02616214,					-0.6911103,					0,
				-0.05284892,					0.1788373,					-0.02902562,					1
			]
			,"name": "SB-Strawberry-10"		}
,
		{
			"children": [
				311
			]
			,"name": "DeleteFace1 10"		}
,
		{
			"mesh": 135
			,"name": "DeleteFace1 10 - Part"		}
,
		{
			"children": [
				313
			]
			,"name": "Fillet1 10"		}
,
		{
			"mesh": 136
			,"name": "Fillet1 10 - Part"		}
,
		{
			"children": [
				315
			]
			,"name": "Fillet2 10"		}
,
		{
			"mesh": 137
			,"name": "Fillet2 10 - Part"		}
,
		{
			"children": [
				317, 319, 321, 323
			]
			,"matrix": [
				-0.7382292,					-0.1204541,					-0.6637081,					0,
				0.6033418,					0.3220989,					-0.7295416,					0,
				0.3016559,					-0.9390118,					-0.1651078,					0,
				0.09319552,					0.1477784,					-0.08039975,					1
			]
			,"name": "SB-leaf 2-12"		}
,
		{
			"children": [
				318
			]
			,"name": "Kalınlaştır1 16"		}
,
		{
			"mesh": 138
			,"name": "Kalınlaştır1 16 - Part"		}
,
		{
			"children": [
				320
			]
			,"name": "Kalınlaştır2 16"		}
,
		{
			"mesh": 139
			,"name": "Kalınlaştır2 16 - Part"		}
,
		{
			"children": [
				322
			]
			,"name": "Kalınlaştır3 16"		}
,
		{
			"mesh": 140
			,"name": "Kalınlaştır3 16 - Part"		}
,
		{
			"children": [
				324
			]
			,"name": "Süpür1 16"		}
,
		{
			"mesh": 141
			,"name": "Süpür1 16 - Part"		}
,
		{
			"children": [
				326, 328, 330, 332
			]
			,"matrix": [
				0.9352059,					0.2884218,					0.205433,					0,
				-0.3199651,					0.4397621,					0.8391851,					0,
				0.1516976,					-0.8505422,					0.5035531,					0,
				0.03537728,					0.1614931,					0.132378,					1
			]
			,"name": "SB-leaf 2-13"		}
,
		{
			"children": [
				327
			]
			,"name": "Kalınlaştır1 17"		}
,
		{
			"mesh": 142
			,"name": "Kalınlaştır1 17 - Part"		}
,
		{
			"children": [
				329
			]
			,"name": "Kalınlaştır2 17"		}
,
		{
			"mesh": 143
			,"name": "Kalınlaştır2 17 - Part"		}
,
		{
			"children": [
				331
			]
			,"name": "Kalınlaştır3 17"		}
,
		{
			"mesh": 144
			,"name": "Kalınlaştır3 17 - Part"		}
,
		{
			"children": [
				333
			]
			,"name": "Süpür1 17"		}
,
		{
			"mesh": 145
			,"name": "Süpür1 17 - Part"		}
,
		{
			"children": [
				335, 337, 339
			]
			,"matrix": [
				0.1033265,					0.1253965,					-0.9867114,					0,
				0.1742322,					0.9744009,					0.1420773,					0,
				0.9792685,					-0.1865972,					0.07883331,					0,
				0.04191706,					0.1774655,					0.0924742,					1
			]
			,"name": "SB-Strawberry-11"		}
,
		{
			"children": [
				336
			]
			,"name": "DeleteFace1 11"		}
,
		{
			"mesh": 146
			,"name": "DeleteFace1 11 - Part"		}
,
		{
			"children": [
				338
			]
			,"name": "Fillet1 11"		}
,
		{
			"mesh": 147
			,"name": "Fillet1 11 - Part"		}
,
		{
			"children": [
				340
			]
			,"name": "Fillet2 11"		}
,
		{
			"mesh": 148
			,"name": "Fillet2 11 - Part"		}
,
		{
			"children": [
				342, 344, 346
			]
			,"matrix": [
				0.9878654,					0.01634593,					-0.15445,					0,
				-0.01229485,					0.9995558,					0.02714803,					0,
				0.1548252,					-0.02491966,					0.9876276,					0,
				0.07103046,					0.1869288,					0.03566033,					1
			]
			,"name": "SB-Strawberry-12"		}
,
		{
			"children": [
				343
			]
			,"name": "DeleteFace1 12"		}
,
		{
			"mesh": 149
			,"name": "DeleteFace1 12 - Part"		}
,
		{
			"children": [
				345
			]
			,"name": "Fillet1 12"		}
,
		{
			"mesh": 150
			,"name": "Fillet1 12 - Part"		}
,
		{
			"children": [
				347
			]
			,"name": "Fillet2 12"		}
,
		{
			"mesh": 151
			,"name": "Fillet2 12 - Part"		}
,
		{
			"children": [
				349, 351, 353, 355
			]
			,"matrix": [
				0.9598042,					-0.06630475,					0.2727262,					0,
				0.04821624,					0.9962017,					0.07250772,					0,
				-0.2764979,					-0.05644339,					0.9593555,					0,
				-0.01015637,					0.2304254,					0.1379951,					1
			]
			,"name": "SB-leaf 1-6"		}
,
		{
			"children": [
				350
			]
			,"name": "Kalınlaştır1 18"		}
,
		{
			"mesh": 152
			,"name": "Kalınlaştır1 18 - Part"		}
,
		{
			"children": [
				352
			]
			,"name": "Kalınlaştır2 18"		}
,
		{
			"mesh": 153
			,"name": "Kalınlaştır2 18 - Part"		}
,
		{
			"children": [
				354
			]
			,"name": "Kalınlaştır3 18"		}
,
		{
			"mesh": 154
			,"name": "Kalınlaştır3 18 - Part"		}
,
		{
			"children": [
				356
			]
			,"name": "Süpür1 18"		}
,
		{
			"mesh": 155
			,"name": "Süpür1 18 - Part"		}
,
		{
			"children": [
				358, 360, 362, 364
			]
			,"matrix": [
				0.9531048,					-0.01426829,					-0.3023039,					0,
				-0.1348809,					0.87417,					-0.4665125,					0,
				0.2709214,					0.4854104,					0.8312511,					0,
				0.02558285,					0.1692999,					0.05396218,					1
			]
			,"name": "SB-leaf 4-8"		}
,
		{
			"children": [
				359
			]
			,"name": "Ölçek11 12"		}
,
		{
			"mesh": 156
			,"name": "Ölçek11 - Part 12"		}
,
		{
			"children": [
				361
			]
			,"name": "Ölçek12 12"		}
,
		{
			"mesh": 157
			,"name": "Ölçek12 - Part 12"		}
,
		{
			"children": [
				363
			]
			,"name": "Ölçek13 12"		}
,
		{
			"mesh": 158
			,"name": "Ölçek13 - Part 12"		}
,
		{
			"children": [
				365
			]
			,"name": "Ölçek14 12"		}
,
		{
			"mesh": 159
			,"name": "Ölçek14 - Part 12"		}
,
		{
			"children": [
				367, 376, 385, 394, 403, 412, 421, 430, 439, 448, 457
			]
			,"name": "YerelÇizimİleÇoğaltma1-1"		}
,
		{
			"children": [
				368, 370, 372, 374
			]
			,"matrix": [
				0.9531048,					-0.01426829,					-0.3023039,					0,
				-0.1348809,					0.87417,					-0.4665125,					0,
				0.2709214,					0.4854104,					0.8312511,					0,
				0.008096589,					0.1685065,					0.08217424,					1
			]
			,"name": "SB-leaf 4-9"		}
,
		{
			"children": [
				369
			]
			,"name": "Ölçek11 13"		}
,
		{
			"mesh": 160
			,"name": "Ölçek11 - Part 13"		}
,
		{
			"children": [
				371
			]
			,"name": "Ölçek12 13"		}
,
		{
			"mesh": 161
			,"name": "Ölçek12 - Part 13"		}
,
		{
			"children": [
				373
			]
			,"name": "Ölçek13 13"		}
,
		{
			"mesh": 162
			,"name": "Ölçek13 - Part 13"		}
,
		{
			"children": [
				375
			]
			,"name": "Ölçek14 13"		}
,
		{
			"mesh": 163
			,"name": "Ölçek14 - Part 13"		}
,
		{
			"children": [
				377, 379, 381, 383
			]
			,"matrix": [
				0.9531048,					-0.01426829,					-0.3023039,					0,
				-0.1348809,					0.87417,					-0.4665125,					0,
				0.2709214,					0.4854104,					0.8312511,					0,
				-0.03045847,					0.1685065,					0.05058021,					1
			]
			,"name": "SB-leaf 4-10"		}
,
		{
			"children": [
				378
			]
			,"name": "Ölçek11 14"		}
,
		{
			"mesh": 164
			,"name": "Ölçek11 - Part 14"		}
,
		{
			"children": [
				380
			]
			,"name": "Ölçek12 14"		}
,
		{
			"mesh": 165
			,"name": "Ölçek12 - Part 14"		}
,
		{
			"children": [
				382
			]
			,"name": "Ölçek13 14"		}
,
		{
			"mesh": 166
			,"name": "Ölçek13 - Part 14"		}
,
		{
			"children": [
				384
			]
			,"name": "Ölçek14 14"		}
,
		{
			"mesh": 167
			,"name": "Ölçek14 - Part 14"		}
,
		{
			"children": [
				386, 388, 390, 392
			]
			,"matrix": [
				0.9531048,					-0.01426829,					-0.3023039,					0,
				-0.1348809,					0.87417,					-0.4665125,					0,
				0.2709214,					0.4854104,					0.8312511,					0,
				0.05396642,					0.1685065,					-0.00419186,					1
			]
			,"name": "SB-leaf 4-11"		}
,
		{
			"children": [
				387
			]
			,"name": "Ölçek11 15"		}
,
		{
			"mesh": 168
			,"name": "Ölçek11 - Part 15"		}
,
		{
			"children": [
				389
			]
			,"name": "Ölçek12 15"		}
,
		{
			"mesh": 169
			,"name": "Ölçek12 - Part 15"		}
,
		{
			"children": [
				391
			]
			,"name": "Ölçek13 15"		}
,
		{
			"mesh": 170
			,"name": "Ölçek13 - Part 15"		}
,
		{
			"children": [
				393
			]
			,"name": "Ölçek14 15"		}
,
		{
			"mesh": 171
			,"name": "Ölçek14 - Part 15"		}
,
		{
			"children": [
				395, 397, 399, 401
			]
			,"matrix": [
				0.9531048,					-0.01426829,					-0.3023039,					0,
				-0.1348809,					0.87417,					-0.4665125,					0,
				0.2709214,					0.4854104,					0.8312511,					0,
				0.06753691,					0.1685065,					0.007741066,					1
			]
			,"name": "SB-leaf 4-12"		}
,
		{
			"children": [
				396
			]
			,"name": "Ölçek11 16"		}
,
		{
			"mesh": 172
			,"name": "Ölçek11 - Part 16"		}
,
		{
			"children": [
				398
			]
			,"name": "Ölçek12 16"		}
,
		{
			"mesh": 173
			,"name": "Ölçek12 - Part 16"		}
,
		{
			"children": [
				400
			]
			,"name": "Ölçek13 16"		}
,
		{
			"mesh": 174
			,"name": "Ölçek13 - Part 16"		}
,
		{
			"children": [
				402
			]
			,"name": "Ölçek14 16"		}
,
		{
			"mesh": 175
			,"name": "Ölçek14 - Part 16"		}
,
		{
			"children": [
				404, 406, 408, 410
			]
			,"matrix": [
				0.9531048,					-0.01426829,					-0.3023039,					0,
				-0.1348809,					0.87417,					-0.4665125,					0,
				0.2709214,					0.4854104,					0.8312511,					0,
				0.01793852,					0.1685065,					0.02308062,					1
			]
			,"name": "SB-leaf 4-13"		}
,
		{
			"children": [
				405
			]
			,"name": "Ölçek11 17"		}
,
		{
			"mesh": 176
			,"name": "Ölçek11 - Part 17"		}
,
		{
			"children": [
				407
			]
			,"name": "Ölçek12 17"		}
,
		{
			"mesh": 177
			,"name": "Ölçek12 - Part 17"		}
,
		{
			"children": [
				409
			]
			,"name": "Ölçek13 17"		}
,
		{
			"mesh": 178
			,"name": "Ölçek13 - Part 17"		}
,
		{
			"children": [
				411
			]
			,"name": "Ölçek14 17"		}
,
		{
			"mesh": 179
			,"name": "Ölçek14 - Part 17"		}
,
		{
			"children": [
				413, 415, 417, 419
			]
			,"matrix": [
				0.9531048,					-0.01426829,					-0.3023039,					0,
				-0.1348809,					0.87417,					-0.4665125,					0,
				0.2709214,					0.4854104,					0.8312511,					0,
				-0.03648937,					0.1685065,					0.02303536,					1
			]
			,"name": "SB-leaf 4-14"		}
,
		{
			"children": [
				414
			]
			,"name": "Ölçek11 18"		}
,
		{
			"mesh": 180
			,"name": "Ölçek11 - Part 18"		}
,
		{
			"children": [
				416
			]
			,"name": "Ölçek12 18"		}
,
		{
			"mesh": 181
			,"name": "Ölçek12 - Part 18"		}
,
		{
			"children": [
				418
			]
			,"name": "Ölçek13 18"		}
,
		{
			"mesh": 182
			,"name": "Ölçek13 - Part 18"		}
,
		{
			"children": [
				420
			]
			,"name": "Ölçek14 18"		}
,
		{
			"mesh": 183
			,"name": "Ölçek14 - Part 18"		}
,
		{
			"children": [
				422, 424, 426, 428
			]
			,"matrix": [
				0.9531048,					-0.01426829,					-0.3023039,					0,
				-0.1348809,					0.87417,					-0.4665125,					0,
				0.2709214,					0.4854104,					0.8312511,					0,
				0.06413674,					0.1685065,					0.04325043,					1
			]
			,"name": "SB-leaf 4-15"		}
,
		{
			"children": [
				423
			]
			,"name": "Ölçek11 19"		}
,
		{
			"mesh": 184
			,"name": "Ölçek11 - Part 19"		}
,
		{
			"children": [
				425
			]
			,"name": "Ölçek12 19"		}
,
		{
			"mesh": 185
			,"name": "Ölçek12 - Part 19"		}
,
		{
			"children": [
				427
			]
			,"name": "Ölçek13 19"		}
,
		{
			"mesh": 186
			,"name": "Ölçek13 - Part 19"		}
,
		{
			"children": [
				429
			]
			,"name": "Ölçek14 19"		}
,
		{
			"mesh": 187
			,"name": "Ölçek14 - Part 19"		}
,
		{
			"children": [
				431, 433, 435, 437
			]
			,"matrix": [
				0.9531048,					-0.01426829,					-0.3023039,					0,
				-0.1348809,					0.87417,					-0.4665125,					0,
				0.2709214,					0.4854104,					0.8312511,					0,
				0.03068272,					0.1685065,					0.008868059,					1
			]
			,"name": "SB-leaf 4-16"		}
,
		{
			"children": [
				432
			]
			,"name": "Ölçek11 20"		}
,
		{
			"mesh": 188
			,"name": "Ölçek11 - Part 20"		}
,
		{
			"children": [
				434
			]
			,"name": "Ölçek12 20"		}
,
		{
			"mesh": 189
			,"name": "Ölçek12 - Part 20"		}
,
		{
			"children": [
				436
			]
			,"name": "Ölçek13 20"		}
,
		{
			"mesh": 190
			,"name": "Ölçek13 - Part 20"		}
,
		{
