{
	"asset": {
		"generator": "VISUALIZEGLTF",
		"version" : "2.0"
	},
	"extensionsUsed": [ "KHR_lights_punctual" ],
	"scenes": [
		{
			"name": "Default",
			"nodes": [
				0]
		}
	],
	"nodes": [
		{
			"children": [
				1, 98, 99, 100, 101, 102, 103, 104
			]
			,"name": "Root"		}
,
		{
			"children": [
				2, 4, 6, 40, 42, 53, 64, 66, 68, 70, 72, 74, 76, 78, 80, 82, 84, 86, 88, 90, 92, 94, 96
			]
			,"matrix": [
				1,					0,					0,					0,
				0,					1,					0,					0,
				0,					0,					1,					0,
				0,					0.0003,					0,					1
			]
			,"name": "Assembly (Default)"		}
,
		{
			"children": [
				3
			]
			,"name": "Base-1"		}
,
		{
			"mesh": 0
			,"name": "Base-1 - Part"		}
,
		{
			"children": [
				5
			]
			,"matrix": [
				0.97728,					1.407354E-18,					-0.2119524,					0,
				-2.753002E-19,					1,					5.370584E-18,					0,
				0.2119524,					-5.190214E-18,					0.97728,					0,
				3.485169E-17,					0.0254,					-8.782106E-18,					1
			]
			,"name": "Lower Arm-1"		}
,
		{
			"mesh": 1
			,"name": "Lower Arm-1 - Part"		}
,
		{
			"children": [
				7, 18, 29
			]
			,"name": "Cylinder Assembly-1"		}
,
		{
			"children": [
				8, 10, 12, 14, 16
			]
			,"matrix": [
				0.2119524,					1.443594E-17,					0.97728,					0,
				-0.6910413,					0.7071068,					0.149873,					0,
				-0.6910413,					-0.7071068,					0.149873,					0,
				0.0340286,					0.3563038,					-0.00738012,					1
			]
			,"name": "4952K675_Pivot Bracket with Pin for 3-4 Bore Size Sensor-Ready Round Body Air Cylinder-1"		}
,
		{
			"children": [
				9
			]
			,"name": "Fillet3"		}
,
		{
			"mesh": 2
			,"name": "Fillet3 - Part"		}
,
		{
			"children": [
				11
			]
			,"name": "Revolve1"		}
,
		{
			"mesh": 3
			,"name": "Revolve1 - Part"		}
,
		{
			"children": [
				13
			]
			,"name": "Boss-Extrude5"		}
,
		{
			"mesh": 4
			,"name": "Boss-Extrude5 - Part"		}
,
		{
			"children": [
				15
			]
			,"name": "Mirror1[1]"		}
,
		{
			"mesh": 5
			,"name": "Mirror1[1] - Part"		}
,
		{
			"children": [
				17
			]
			,"name": "Mirror1[2]"		}
,
		{
			"mesh": 6
			,"name": "Mirror1[2] - Part"		}
,
		{
			"children": [
				19, 21, 23, 25, 27
			]
			,"matrix": [
				-0.6534358,					-0.7435979,					0.1417171,					0,
				-0.7267034,					0.668627,					0.1576073,					0,
				-0.2119524,					5.310933E-17,					-0.97728,					0,
				0.08595826,					0.4461109,					-0.01864262,					1
			]
			,"name": "6498K636_Round Body Air Cylinder-1"		}
,
		{
			"children": [
				20
			]
			,"name": "Cut-Extrude4"		}
,
		{
			"mesh": 7
			,"name": "Cut-Extrude4 - Part"		}
,
		{
			"children": [
				22
			]
			,"name": "Revolve4"		}
,
		{
			"mesh": 8
			,"name": "Revolve4 - Part"		}
,
		{
			"children": [
				24
			]
			,"name": "Body-Move/Copy3"		}
,
		{
			"mesh": 9
			,"name": "Body-Move/Copy3 - Part"		}
,
		{
			"children": [
				26
			]
			,"name": "Cut-Extrude8"		}
,
		{
			"mesh": 10
			,"name": "Cut-Extrude8 - Part"		}
,
		{
			"children": [
				28
			]
			,"name": "Combine6"		}
,
		{
			"mesh": 11
			,"name": "Combine6 - Part"		}
,
		{
			"children": [
				30, 32, 34, 36, 38
			]
			,"matrix": [
				-0.6534358,					-0.7435979,					0.1417171,					0,
				-0.7267034,					0.668627,					0.1576073,					0,
				-0.2119524,					8.215091E-17,					-0.97728,					0,
				0.1598991,					0.5302542,					-0.0346789,					1
			]
			,"name": "4952K684_Rod Clevis with Pin for 3 4 Bore Size Sensor-Ready Round Body Air Cylinder-1"		}
,
		{
			"children": [
				31
			]
			,"name": "Cut-Extrude5"		}
,
		{
			"mesh": 12
			,"name": "Cut-Extrude5 - Part"		}
,
		{
			"children": [
				33
			]
			,"name": "Revolve1 2"		}
,
		{
			"mesh": 13
			,"name": "Revolve1 2 - Part"		}
,
		{
			"children": [
				35
			]
			,"name": "Boss-Extrude2"		}
,
		{
			"mesh": 14
			,"name": "Boss-Extrude2 - Part"		}
,
		{
			"children": [
				37
			]
			,"name": "Mirror1"		}
,
		{
			"mesh": 15
			,"name": "Mirror1 - Part"		}
,
		{
			"children": [
				39
			]
			,"name": "Cut-Extrude9"		}
,
		{
			"mesh": 16
			,"name": "Cut-Extrude9 - Part"		}
,
		{
			"children": [
				41
			]
			,"matrix": [
				-0.2119524,					1.053845E-16,					-0.97728,					0,
				0.206425,					0.9774377,					-0.04476943,					0,
				0.9552303,					-0.211224,					-0.2071702,					0,
				0.1932499,					0.5081268,					-0.04191202,					1
			]
			,"name": "Upper Arm-1"		}
,
		{
			"mesh": 17
			,"name": "Upper Arm-1 - Part"		}
,
		{
			"children": [
				43, 45, 47, 49, 51
			]
			,"matrix": [
				-0.9552303,					0.211224,					0.2071702,					0,
				0.03963792,					-0.6025452,					0.7970998,					0,
				0.2931961,					0.7696257,					0.567197,					0,
				0.3833568,					0.4660897,					-0.08314238,					1
			]
			,"name": "6498K636_Round Body Air Cylinder-2"		}
,
		{
			"children": [
				44
			]
			,"name": "Cut-Extrude4 2"		}
,
		{
			"mesh": 18
			,"name": "Cut-Extrude4 2 - Part"		}
,
		{
			"children": [
				46
			]
			,"name": "Revolve4 2"		}
,
		{
			"mesh": 19
			,"name": "Revolve4 2 - Part"		}
,
		{
			"children": [
				48
			]
			,"name": "Body-MoveCopy3 2"		}
,
		{
			"mesh": 20
			,"name": "Body-MoveCopy3 - Part 2"		}
,
		{
			"children": [
				50
			]
			,"name": "Cut-Extrude8 2"		}
,
		{
			"mesh": 21
			,"name": "Cut-Extrude8 2 - Part"		}
,
		{
			"children": [
				52
			]
			,"name": "Combine6 2"		}
,
		{
			"mesh": 22
			,"name": "Combine6 2 - Part"		}
,
		{
			"children": [
				54, 56, 58, 60, 62
			]
			,"matrix": [
				-0.9552303,					0.211224,					0.2071702,					0,
				-0.206425,					-0.9774377,					0.04476943,					0,
				0.2119524,					7.355228E-16,					0.97728,					0,
				0.4914478,					0.4421882,					-0.1065851,					1
			]
			,"name": "4952K684_Rod Clevis with Pin for 3 4 Bore Size Sensor-Ready Round Body Air Cylinder-1 2"		}
,
		{
			"children": [
				55
			]
			,"name": "Cut-Extrude5 2"		}
,
		{
			"mesh": 23
			,"name": "Cut-Extrude5 2 - Part"		}
,
		{
			"children": [
				57
			]
			,"name": "Revolve1 3"		}
,
		{
			"mesh": 24
			,"name": "Revolve1 3 - Part"		}
,
		{
			"children": [
				59
			]
			,"name": "Boss-Extrude2 2"		}
,
		{
			"mesh": 25
			,"name": "Boss-Extrude2 2 - Part"		}
,
		{
			"children": [
				61
			]
			,"name": "Mirror1 2"		}
,
		{
			"mesh": 26
			,"name": "Mirror1 2 - Part"		}
,
		{
			"children": [
				63
			]
			,"name": "Cut-Extrude9 2"		}
,
		{
			"mesh": 27
			,"name": "Cut-Extrude9 2 - Part"		}
,
		{
			"children": [
				65
			]
			,"matrix": [
				-0.2119524,					7.93636E-17,					-0.97728,					0,
				0.206425,					0.9774377,					-0.04476943,					0,
				0.9552303,					-0.211224,					-0.2071702,					0,
				0.5122653,					0.437585,					-0.1111,					1
			]
			,"name": "Center Claw-1"		}
,
		{
			"mesh": 28
			,"name": "Center Claw-1 - Part"		}
,
		{
			"children": [
				67
			]
			,"matrix": [
				0.9334208,					-0.3516975,					0.07095321,					0,
				0.2182785,					0.3997131,					-0.8902718,					0,
				0.2847455,					0.8464859,					0.4498685,					0,
				0.5319598,					0.4280952,					-0.1057095,					1
			]
			,"name": "Link-1"		}
,
		{
			"mesh": 29
			,"name": "Link-1 - Part"		}
,
		{
			"children": [
				69
			]
			,"matrix": [
				0.9723188,					0.1006339,					-0.2108764,					0,
				-0.0983475,					0.9949235,					0.0213296,					0,
				0.2119524,					-1.205633E-16,					0.97728,					0,
				0.5333345,					0.4440809,					-0.1156695,					1
			]
			,"name": "Link-2"		}
,
		{
			"mesh": 30
			,"name": "Link-2 - Part"		}
,
		{
			"children": [
				71
			]
			,"matrix": [
				0.8201612,					-0.3516975,					-0.4512699,					0,
				0.5674829,					0.3997131,					0.719856,					0,
				-0.07279311,					-0.8464859,					0.5274115,					0,
				0.5279571,					0.4280952,					-0.1241652,					1
			]
			,"name": "Link-3"		}
,
		{
			"mesh": 31
			,"name": "Link-3 - Part"		}
,
		{
			"children": [
				73
			]
			,"matrix": [
				0.3164464,					-0.9461244,					-0.06863086,					0,
				0.9246285,					0.3238032,					-0.2005333,					0,
				0.2119524,					-1.301043E-16,					0.97728,					0,
				0.5276145,					0.4679731,					-0.114429,					1
			]
			,"name": "Claw Finger-1"		}
,
		{
			"mesh": 32
			,"name": "Claw Finger-1 - Part"		}
,
		{
			"children": [
				75
			]
			,"matrix": [
				0.4244203,					0.3094666,					-0.8509394,					0,
				0.8595275,					-0.4332345,					0.2711466,					0,
				-0.2847455,					-0.8464859,					-0.4498685,					0,
				0.5234513,					0.4195606,					-0.0842651,					1
			]
			,"name": "Claw Finger-2"		}
,
		{
			"mesh": 33
			,"name": "Claw Finger-2 - Part"		}
,
		{
			"children": [
				77
			]
			,"matrix": [
				0.7388089,					0.3094666,					0.5986584,					0,
				0.6699721,					-0.4332345,					-0.6028643,					0,
				0.07279311,					0.8464859,					-0.5274115,					0,
				0.5113293,					0.4195606,					-0.140158,					1
			]
			,"name": "Claw Finger-3"		}
,
		{
			"mesh": 34
			,"name": "Claw Finger-3 - Part"		}
,
		{
			"children": [
				79
			]
			,"matrix": [
				-0.2119524,					1.053845E-16,					-0.97728,					0,
				3.645552E-15,					1,					-6.828126E-16,					0,
				0.97728,					-3.707449E-15,					-0.2119524,					0,
				0.2175128,					0.5027617,					-0.04717414,					1
			]
			,"name": "Pin-1"		}
,
		{
			"mesh": 35
			,"name": "Pin-1 - Part"		}
,
		{
			"children": [
				81
			]
			,"matrix": [
				-0.2119524,					1.053845E-16,					-0.97728,					0,
				1.997934E-15,					1,					-3.254772E-16,					0,
				0.97728,					-2.021527E-15,					-0.2119524,					0,
				0.5276145,					0.4679731,					-0.114429,					1
			]
			,"name": "Pin-2"		}
,
		{
			"mesh": 36
			,"name": "Pin-2 - Part"		}
,
		{
			"children": [
				83
			]
			,"matrix": [
				-0.2847455,					-0.8464859,					-0.4498685,					0,
				0.7857245,					0.06274347,					-0.6153864,					0,
				0.5491421,					-0.5287012,					0.6472387,					0,
				0.5234513,					0.4195606,					-0.0842651,					1
			]
			,"name": "Pin-3"		}
,
		{
			"mesh": 37
			,"name": "Pin-3 - Part"		}
,
		{
			"children": [
				85
			]
			,"matrix": [
				0.07279311,					0.8464859,					-0.5274115,					0,
				-0.8592719,					0.3216868,					0.3977052,					0,
				0.5063131,					0.4242396,					0.7507781,					0,
				0.5113293,					0.4195606,					-0.140158,					1
			]
			,"name": "Pin-4"		}
,
		{
			"mesh": 38
			,"name": "Pin-4 - Part"		}
,
		{
			"children": [
				87
			]
			,"matrix": [
				-0.2847455,					-0.8464859,					-0.4498685,					0,
				0.7857245,					0.06274347,					-0.6153864,					0,
				0.5491421,					-0.5287012,					0.6472387,					0,
				0.5201054,					0.4325617,					-0.1066106,					1
			]
			,"name": "Pin-5"		}
,
		{
			"mesh": 39
			,"name": "Pin-5 - Part"		}
,
		{
			"children": [
				89
			]
			,"matrix": [
				-0.2119524,					7.93636E-17,					-0.97728,					0,
				2.240173E-15,					1,					-4.046398E-16,					0,
				0.97728,					-2.27504E-15,					-0.2119524,					0,
				0.5209861,					0.4428028,					-0.1129914,					1
			]
			,"name": "Pin-6"		}
,
		{
			"mesh": 40
			,"name": "Pin-6 - Part"		}
,
		{
			"children": [
				91
			]
			,"matrix": [
				0.07279311,					0.8464859,					-0.5274115,					0,
				-0.8592719,					0.3216868,					0.3977052,					0,
				0.5063131,					0.4242396,					0.7507781,					0,
				0.5175411,					0.4325617,					-0.1184341,					1
			]
			,"name": "Pin-7"		}
,
		{
			"mesh": 41
			,"name": "Pin-7 - Part"		}
,
		{
			"children": [
				93
			]
			,"matrix": [
				-0.2119524,					1.00614E-16,					-0.97728,					0,
				-0.6587845,					0.7386401,					0.1428771,					0,
				0.7218581,					0.6741,					-0.1565565,					0,
				0.545683,					0.4453589,					-0.1183477,					1
			]
			,"name": "Pin-8"		}
,
		{
			"mesh": 42
			,"name": "Pin-8 - Part"		}
,
		{
			"children": [
				95
			]
			,"matrix": [
				0.2847455,					0.8464859,					0.4498685,					0,
				-0.8977912,					0.07100174,					0.4346604,					0,
				0.3359925,					-0.5276556,					0.780185,					0,
				0.5438142,					0.4236286,					-0.1048084,					1
			]
			,"name": "Pin-9"		}
,
		{
			"mesh": 43
			,"name": "Pin-9 - Part"		}
,
		{
			"children": [
				97
			]
			,"matrix": [
				0.07279311,					0.8464859,					-0.5274115,					0,
				-0.8592719,					0.3216868,					0.3977052,					0,
				0.5063131,					0.4242396,					0.7507781,					0,
				0.5383732,					0.4236286,					-0.1298963,					1
			]
			,"name": "Pin-10"		}
,
		{
			"mesh": 44
			,"name": "Pin-10 - Part"		}
,
		{
			"matrix": [
				0.9057237,					0.1081333,					-0.4098437,					0,
				-0.319896,					0.8087381,					-0.4935682,					0,
				0.278085,					0.5781437,					0.7670845,					0,
				1.200721,					2.173551,					2.443797,					1
			]
			,"camera": 0
			,"name": "SOLIDWORKS Viewport"		}
,
		{
			"matrix": [
				0.7071068,					0,					-0.7071068,					0,
				-0.1622216,					0.9733286,					-0.1622216,					0,
				0.6882472,					0.2294159,					0.6882472,					0,
				4.445094,					1.981699,					4.445094,					1
			]
			,"camera": 1
			,"name": "Default Camera"		}
,
		{
			"matrix": [
				0,					0,					-0.9999999,					0,
				-0.7071068,					0.7071068,					0,					0,
				0.7071068,					0.7071068,					0,					0,
				7.071068,					7.071068,					0,					1
			]
			,"extensions" : {
				"KHR_lights_punctual" : {
					"light" : 0
				}
			}
			,"name": "Directional1"		}
,
		{
			"matrix": [
				-0.9019192,					0,					0.4319047,					0,
				0.2645487,					0.790458,					0.5524403,					0,
				-0.3414025,					0.6125164,					-0.7129292,					0,
				-3.414026,					6.125165,					-7.12929,					1
			]
			,"extensions" : {
				"KHR_lights_punctual" : {
					"light" : 1
				}
			}
			,"name": "Directional2"		}
,
		{
			"matrix": [
				-0.1920117,					0,					0.9813927,					0,
				0.3346118,					0.9400793,					0.06546756,					0,
				-0.9225869,					0.3409561,					-0.1805062,					0,
				-9.225868,					3.40956,					-1.805061,					1
			]
			,"extensions" : {
				"KHR_lights_punctual" : {
					"light" : 2
				}
			}
			,"name": "Directional3"		}
,
		{
			"name": "3 Point Faded"		}
,
		{
			"name": "3 Point Faded Backplate"		}
	],
	"cameras": [
		{
			"type": "perspective",
			"perspective" : {
				"aspectRatio": 1.25,
				"yfov" : 0.3215369,
				"zfar" : 100,
				"znear" : 0.01
			}
		}
,
		{
			"type": "perspective",
			"perspective" : {
				"aspectRatio": 1.777778,
				"yfov" : 0.2617994,
				"zfar" : 100,
				"znear" : 0.01
			}
		}
	],
	"extensions": {
		"KHR_lights_punctual" : {
			"lights": [
		{
			"name": "Directional1[1]",
			"color": [
					0.5773503, 0.5773503, 0.5773503
				],
			"intensity": 0.5773503,
			"type": "directional"
		}
,
		{
			"name": "Directional2[1]",
			"color": [
					0.5773503, 0.5773503, 0.5773503
				],
			"intensity": 0.5773503,
			"type": "directional"
		}
,
		{
			"name": "Directional3[1]",
			"color": [
					0.5773503, 0.5773503, 0.5773503
				],
			"intensity": 0.5773503,
			"type": "directional"
		}

			]
		}
	},
	"meshes" : [
		{
			"primitives" : [
				{
					"attributes" : {
					"POSITION" : 1
					,"NORMAL" : 2
					,"TEXCOORD_0" : 3
					},
					"indices" : 0,
					"mode": 4,
					"material" : 0
				}
			]
		},
		{
			"primitives" : [
				{
					"attributes" : {
					"POSITION" : 5
					,"NORMAL" : 6
					,"TEXCOORD_0" : 7
					},
					"indices" : 4,
					"mode": 4,
					"material" : 1
				}
			]
		},
		{
			"primitives" : [
				{
					"attributes" : {
					"POSITION" : 9
					,"NORMAL" : 10
					,"TEXCOORD_0" : 11
					},
					"indices" : 8,
					"mode": 4,
					"material" : 2
				}
			]
		},
		{
			"primitives" : [
				{
					"attributes" : {
					"POSITION" : 13
					,"NORMAL" : 14
					,"TEXCOORD_0" : 15
					},
					"indices" : 12,
					"mode": 4,
					"material" : 3
				}
			]
		},
		{
			"primitives" : [
				{
					"attributes" : {
					"POSITION" : 17
					,"NORMAL" : 18
					,"TEXCOORD_0" : 19
					},
					"indices" : 16,
					"mode": 4,
					"material" : 4
				}
			]
		},
		{
			"primitives" : [
				{
					"attributes" : {
					"POSITION" : 21
					,"NORMAL" : 22
					,"TEXCOORD_0" : 23
					},
					"indices" : 20,
					"mode": 4,
					"material" : 5
				}
			]
		},
		{
			"primitives" : [
				{
					"attributes" : {
					"POSITION" : 25
					,"NORMAL" : 26
					,"TEXCOORD_0" : 27
					},
					"indices" : 24,
					"mode": 4,
					"material" : 6
				}
			]
		},
		{
			"primitives" : [
				{
					"attributes" : {
					"POSITION" : 29
					,"NORMAL" : 30
					,"TEXCOORD_0" : 31
					},
					"indices" : 28,
					"mode": 4,
					"material" : 7
				}
			]
		},
		{
			"primitives" : [
				{
					"attributes" : {
					"POSITION" : 33
					,"NORMAL" : 34
					,"TEXCOORD_0" : 35
					},
					"indices" : 32,
					"mode": 4,
					"material" : 8
				}
			]
		},
		{
			"primitives" : [
				{
					"attributes" : {
					"POSITION" : 37
					,"NORMAL" : 38
					,"TEXCOORD_0" : 39
					},
					"indices" : 36,
					"mode": 4,
					"material" : 9
				}
			]
		},
		{
			"primitives" : [
				{
					"attributes" : {
					"POSITION" : 41
					,"NORMAL" : 42
					,"TEXCOORD_0" : 43
					},
					"indices" : 40,
					"mode": 4,
					"material" : 10
				}
			]
		},
		{
			"primitives" : [
				{
					"attributes" : {
					"POSITION" : 45
					,"NORMAL" : 46
					,"TEXCOORD_0" : 47
					},
					"indices" : 44,
					"mode": 4,
					"material" : 11
				}
			]
		},
		{
			"primitives" : [
				{
					"attributes" : {
					"POSITION" : 49
					,"NORMAL" : 50
					,"TEXCOORD_0" : 51
					},
					"indices" : 48,
					"mode": 4,
					"material" : 12
				}
			]
		},
		{
			"primitives" : [
				{
					"attributes" : {
					"POSITION" : 53
					,"NORMAL" : 54
					,"TEXCOORD_0" : 55
					},
					"indices" : 52,
					"mode": 4,
					"material" : 13
				}
			]
		},
		{
			"primitives" : [
				{
					"attributes" : {
					"POSITION" : 57
					,"NORMAL" : 58
					,"TEXCOORD_0" : 59
					},
					"indices" : 56,
					"mode": 4,
					"material" : 14
				}
			]
		},
		{
			"primitives" : [
				{
					"attributes" : {
					"POSITION" : 61
					,"NORMAL" : 62
					,"TEXCOORD_0" : 63
					},
					"indices" : 60,
					"mode": 4,
					"material" : 15
				}
			]
		},
		{
			"primitives" : [
				{
					"attributes" : {
					"POSITION" : 65
					,"NORMAL" : 66
					,"TEXCOORD_0" : 67
					},
					"indices" : 64,
					"mode": 4,
					"material" : 16
				}
			]
		},
		{
			"primitives" : [
				{
					"attributes" : {
					"POSITION" : 69
					,"NORMAL" : 70
					,"TEXCOORD_0" : 71
					},
					"indices" : 68,
					"mode": 4,
					"material" : 17
				}
			]
		},
		{
			"primitives" : [
				{
					"attributes" : {
					"POSITION" : 73
					,"NORMAL" : 74
					,"TEXCOORD_0" : 75
					},
					"indices" : 72,
					"mode": 4,
					"material" : 18
				}
			]
		},
		{
			"primitives" : [
				{
					"attributes" : {
					"POSITION" : 77
					,"NORMAL" : 78
					,"TEXCOORD_0" : 79
					},
					"indices" : 76,
					"mode": 4,
					"material" : 19
				}
			]
		},
		{
			"primitives" : [
				{
					"attributes" : {
					"POSITION" : 81
					,"NORMAL" : 82
					,"TEXCOORD_0" : 83
					},
					"indices" : 80,
					"mode": 4,
					"material" : 20
				}
			]
		},
		{
			"primitives" : [
				{
					"attributes" : {
					"POSITION" : 85
					,"NORMAL" : 86
					,"TEXCOORD_0" : 87
					},
					"indices" : 84,
					"mode": 4,
					"material" : 21
				}
			]
		},
		{
			"primitives" : [
				{
					"attributes" : {
					"POSITION" : 89
					,"NORMAL" : 90
					,"TEXCOORD_0" : 91
					},
					"indices" : 88,
					"mode": 4,
					"material" : 22
				}
			]
		},
		{
			"primitives" : [
				{
					"attributes" : {
					"POSITION" : 93
					,"NORMAL" : 94
					,"TEXCOORD_0" : 95
					},
					"indices" : 92,
					"mode": 4,
					"material" : 23
				}
			]
		},
		{
			"primitives" : [
				{
					"attributes" : {
					"POSITION" : 97
					,"NORMAL" : 98
					,"TEXCOORD_0" : 99
					},
					"indices" : 96,
					"mode": 4,
					"material" : 24
				}
			]
		},
		{
			"primitives" : [
				{
					"attributes" : {
					"POSITION" : 101
					,"NORMAL" : 102
					,"TEXCOORD_0" : 103
					},
					"indices" : 100,
					"mode": 4,
					"material" : 25
				}
			]
		},
		{
			"primitives" : [
				{
					"attributes" : {
					"POSITION" : 105
					,"NORMAL" : 106
					,"TEXCOORD_0" : 107
					},
					"indices" : 104,
					"mode": 4,
					"material" : 26
				}
			]
		},
		{
			"primitives" : [
				{
					"attributes" : {
					"POSITION" : 109
					,"NORMAL" : 110
					,"TEXCOORD_0" : 111
					},
					"indices" : 108,
					"mode": 4,
					"material" : 27
				}
			]
		},
		{
			"primitives" : [
				{
					"attributes" : {
					"POSITION" : 113
					,"NORMAL" : 114
					,"TEXCOORD_0" : 115
					},
					"indices" : 112,
					"mode": 4,
					"material" : 28
				}
			]
		},
		{
			"primitives" : [
				{
					"attributes" : {
					"POSITION" : 117
					,"NORMAL" : 118
					,"TEXCOORD_0" : 119
					},
					"indices" : 116,
					"mode": 4,
					"material" : 29
				}
			]
		},
		{
			"primitives" : [
				{
					"attributes" : {
					"POSITION" : 121
					,"NORMAL" : 122
					,"TEXCOORD_0" : 123
					},
					"indices" : 120,
					"mode": 4,
					"material" : 30
				}
			]
		},
		{
			"primitives" : [
				{
					"attributes" : {
					"POSITION" : 125
					,"NORMAL" : 126
					,"TEXCOORD_0" : 127
					},
					"indices" : 124,
					"mode": 4,
					"material" : 31
				}
			]
		},
		{
			"primitives" : [
				{
					"attributes" : {
					"POSITION" : 129
					,"NORMAL" : 130
					,"TEXCOORD_0" : 131
					},
					"indices" : 128,
					"mode": 4,
					"material" : 32
				}
			]
		},
		{
			"primitives" : [
				{
					"attributes" : {
					"POSITION" : 133
					,"NORMAL" : 134
					,"TEXCOORD_0" : 135
					},
					"indices" : 132,
					"mode": 4,
					"material" : 33
				}
			]
		},
		{
			"primitives" : [
				{
					"attributes" : {
					"POSITION" : 137
					,"NORMAL" : 138
					,"TEXCOORD_0" : 139
					},
					"indices" : 136,
					"mode": 4,
					"material" : 34
				}
			]
		},
		{
			"primitives" : [
				{
					"attributes" : {
					"POSITION" : 141
					,"NORMAL" : 142
					,"TEXCOORD_0" : 143
					},
					"indices" : 140,
					"mode": 4,
					"material" : 35
				}
			]
		},
		{
			"primitives" : [
				{
					"attributes" : {
					"POSITION" : 145
					,"NORMAL" : 146
					,"TEXCOORD_0" : 147
					},
					"indices" : 144,
					"mode": 4,
					"material" : 36
				}
			]
		},
		{
			"primitives" : [
				{
					"attributes" : {
					"POSITION" : 149
					,"NORMAL" : 150
					,"TEXCOORD_0" : 151
					},
					"indices" : 148,
					"mode": 4,
					"material" : 37
				}
			]
		},
		{
			"primitives" : [
				{
					"attributes" : {
					"POSITION" : 153
					,"NORMAL" : 154
					,"TEXCOORD_0" : 155
					},
					"indices" : 152,
					"mode": 4,
					"material" : 38
				}
			]
		},
		{
			"primitives" : [
				{
					"attributes" : {
					"POSITION" : 157
					,"NORMAL" : 158
					,"TEXCOORD_0" : 159
					},
					"indices" : 156,
					"mode": 4,
					"material" : 39
				}
			]
		},
		{
			"primitives" : [
				{
					"attributes" : {
					"POSITION" : 161
					,"NORMAL" : 162
					,"TEXCOORD_0" : 163
					},
					"indices" : 160,
					"mode": 4,
					"material" : 40
				}
			]
		},
		{
			"primitives" : [
				{
					"attributes" : {
					"POSITION" : 165
					,"NORMAL" : 166
					,"TEXCOORD_0" : 167
					},
					"indices" : 164,
					"mode": 4,
					"material" : 41
				}
			]
		},
		{
			"primitives" : [
				{
					"attributes" : {
					"POSITION" : 169
					,"NORMAL" : 170
					,"TEXCOORD_0" : 171
					},
					"indices" : 168,
					"mode": 4,
					"material" : 42
				}
			]
		},
		{
			"primitives" : [
				{
					"attributes" : {
					"POSITION" : 173
					,"NORMAL" : 174
					,"TEXCOORD_0" : 175
					},
					"indices" : 172,
					"mode": 4,
					"material" : 43
				}
			]
		},
		{
			"primitives" : [
				{
					"attributes" : {
					"POSITION" : 177
					,"NORMAL" : 178
					,"TEXCOORD_0" : 179
					},
					"indices" : 176,
					"mode": 4,
					"material" : 44
				}
			]
		}
	],
	"accessors" : [
			{
				"bufferView": 3,
				"byteOffset" : 0,
				"componentType" : 5125,
				"count" : 648,
				"type" : "SCALAR"
			},
			{
				"bufferView": 0,
				"byteOffset" : 0,
				"componentType" : 5126,
				"count" : 294,
				"type" : "VEC3"
								,"min": [-0.0634721145,0,-0.063500002]
								,"max": [0.0634721145,0.0253999997,0.063500002]
			},
			{
				"bufferView": 1,
				"byteOffset" : 0,
				"componentType" : 5126,
				"count" : 294,
				"type" : "VEC3"
			},
			{
				"bufferView": 2,
				"byteOffset" : 0,
				"componentType" : 5126,
				"count" : 294,
				"type" : "VEC2"
			},
			{
				"bufferView": 7,
				"byteOffset" : 0,
				"componentType" : 5125,
				"count" : 3498,
				"type" : "SCALAR"
			},
			{
				"bufferView": 4,
				"byteOffset" : 0,
				"componentType" : 5126,
				"count" : 1618,
				"type" : "VEC3"
								,"min": [-0.0253999997,-1.57052515E-26,-0.0381000005]
								,"max": [0.26117599,0.515968204,0.0380965769]
			},
			{
				"bufferView": 5,
				"byteOffset" : 0,
				"componentType" : 5126,
				"count" : 1618,
				"type" : "VEC3"
			},
			{
				"bufferView": 6,
				"byteOffset" : 0,
				"componentType" : 5126,
				"count" : 1618,
				"type" : "VEC2"
			},
			{
				"bufferView": 11,
				"byteOffset" : 0,
				"componentType" : 5125,
				"count" : 1224,
				"type" : "SCALAR"
			},
			{
				"bufferView": 8,
				"byteOffset" : 0,
				"componentType" : 5126,
				"count" : 564,
				"type" : "VEC3"
								,"min": [-0.0261620004,-4.68806272E-10,-0.00554989977]
								,"max": [-0.00558800017,0.0260963645,0.021374099]
			},
			{
				"bufferView": 9,
				"byteOffset" : 0,
				"componentType" : 5126,
				"count" : 564,
				"type" : "VEC3"
			},
			{
				"bufferView": 10,
				"byteOffset" : 0,
				"componentType" : 5126,
				"count" : 564,
				"type" : "VEC2"
			},
			{
				"bufferView": 15,
				"byteOffset" : 0,
				"componentType" : 5125,
				"count" : 3084,
				"type" : "SCALAR"
			},
			{
				"bufferView": 12,
				"byteOffset" : 0,
				"componentType" : 5126,
				"count" : 1278,
				"type" : "VEC3"
								,"min": [-0.0109305093,0.0177896563,-0.00277621951]
								,"max": [0.0109305093,0.0233380217,0.00277622021]
			},
			{
				"bufferView": 13,
				"byteOffset" : 0,
				"componentType" : 5126,
				"count" : 1278,
				"type" : "VEC3"
			},
			{
				"bufferView": 14,
				"byteOffset" : 0,
				"componentType" : 5126,
				"count" : 1278,
				"type" : "VEC2"
			},
			{
				"bufferView": 19,
				"byteOffset" : 0,
				"componentType" : 5125,
				"count" : 1908,
				"type" : "SCALAR"
			},
			{
				"bufferView": 16,
				"byteOffset" : 0,
				"componentType" : 5126,
				"count" : 824,
				"type" : "VEC3"
								,"min": [-0.00952055492,0.016902661,-0.00444063498]
								,"max": [-0.00845375471,0.0250057895,0.00444063498]
			},
			{
				"bufferView": 17,
				"byteOffset" : 0,
				"componentType" : 5126,
				"count" : 824,
				"type" : "VEC3"
			},
			{
				"bufferView": 18,
				"byteOffset" : 0,
				"componentType" : 5126,
				"count" : 824,
				"type" : "VEC2"
			},
			{
				"bufferView": 23,
				"byteOffset" : 0,
				"componentType" : 5125,
				"count" : 1908,
				"type" : "SCALAR"
			},
			{
				"bufferView": 20,
				"byteOffset" : 0,
				"componentType" : 5126,
				"count" : 822,
				"type" : "VEC3"
								,"min": [0.00845375471,0.016902661,-0.00444063451]
								,"max": [0.00952055492,0.0250057895,0.00444063544]
			},
			{
				"bufferView": 21,
				"byteOffset" : 0,
				"componentType" : 5126,
				"count" : 822,
				"type" : "VEC3"
			},
			{
				"bufferView": 22,
				"byteOffset" : 0,
				"componentType" : 5126,
				"count" : 822,
				"type" : "VEC2"
			},
			{
				"bufferView": 27,
				"byteOffset" : 0,
				"componentType" : 5125,
				"count" : 1224,
				"type" : "SCALAR"
			},
			{
				"bufferView": 24,
				"byteOffset" : 0,
				"componentType" : 5126,
				"count" : 566,
				"type" : "VEC3"
								,"min": [0.00558800017,3.54597393E-11,-0.0055498993]
								,"max": [0.0261620004,0.0260963645,0.021374099]
			},
			{
				"bufferView": 25,
				"byteOffset" : 0,
				"componentType" : 5126,
				"count" : 566,
				"type" : "VEC3"
			},
			{
				"bufferView": 26,
				"byteOffset" : 0,
				"componentType" : 5126,
				"count" : 566,
				"type" : "VEC2"
			},
			{
				"bufferView": 31,
				"byteOffset" : 0,
				"componentType" : 5125,
				"count" : 588,
				"type" : "SCALAR"
			},
			{
				"bufferView": 28,
				"byteOffset" : 0,
				"componentType" : 5126,
				"count" : 254,
				"type" : "VEC3"
								,"min": [-0.0924559906,-0.0137481503,-0.0119062476]
								,"max": [-0.0861059949,0.013748154,0.0119062494]
			},
			{
				"bufferView": 29,
				"byteOffset" : 0,
				"componentType" : 5126,
				"count" : 254,
				"type" : "VEC3"
			},
			{
				"bufferView": 30,
				"byteOffset" : 0,
				"componentType" : 5126,
				"count" : 254,
				"type" : "VEC2"
			},
			{
				"bufferView": 35,
				"byteOffset" : 0,
				"componentType" : 5125,
				"count" : 50568,
				"type" : "SCALAR"
			},
			{
				"bufferView": 32,
				"byteOffset" : 0,
				"componentType" : 5126,
				"count" : 24892,
				"type" : "VEC3"
								,"min": [-0.108330995,-0.00317499461,-0.00317499787]
								,"max": [0.0123189995,0.00317500206,0.00317500089]
			},
			{
				"bufferView": 33,
				"byteOffset" : 0,
				"componentType" : 5126,
				"count" : 24892,
				"type" : "VEC3"
			},
			{
				"bufferView": 34,
				"byteOffset" : 0,
				"componentType" : 5126,
				"count" : 24892,
				"type" : "VEC2"
			},
			{
				"bufferView": 39,
				"byteOffset" : 0,
				"componentType" : 5125,
				"count" : 8673,
				"type" : "SCALAR"
			},
			{
				"bufferView": 36,
				"byteOffset" : 0,
				"componentType" : 5126,
				"count" : 3157,
				"type" : "VEC3"
								,"min": [-0.209930986,-0.00317499763,-0.0031749981]
								,"max": [-0.0892809927,0.00317500485,0.00317500252]
			},
			{
				"bufferView": 37,
				"byteOffset" : 0,
				"componentType" : 5126,
				"count" : 3157,
				"type" : "VEC3"
			},
			{
				"bufferView": 38,
				"byteOffset" : 0,
				"componentType" : 5126,
				"count" : 3157,
				"type" : "VEC2"
			},
			{
				"bufferView": 43,
				"byteOffset" : 0,
				"componentType" : 5125,
				"count" : 588,
				"type" : "SCALAR"
			},
			{
				"bufferView": 40,
				"byteOffset" : 0,
				"componentType" : 5126,
				"count" : 254,
				"type" : "VEC3"
								,"min": [0.0948689952,-0.013748155,-0.0119062504]
								,"max": [0.101218991,0.0137481503,0.0119062467]
			},
			{
				"bufferView": 41,
				"byteOffset" : 0,
				"componentType" : 5126,
				"count" : 254,
				"type" : "VEC3"
			},
			{
				"bufferView": 42,
				"byteOffset" : 0,
				"componentType" : 5126,
				"count" : 254,
				"type" : "VEC2"
			},
			{
				"bufferView": 47,
				"byteOffset" : 0,
				"componentType" : 5125,
				"count" : 92088,
				"type" : "SCALAR"
			},
			{
				"bufferView": 44,
				"byteOffset" : 0,
				"componentType" : 5126,
				"count" : 45164,
				"type" : "VEC3"
								,"min": [-0.0956309959,-0.0109220007,-0.0109219998]
								,"max": [0.108330995,0.0109220007,0.0109219998]
			},
			{
				"bufferView": 45,
				"byteOffset" : 0,
				"componentType" : 5126,
				"count" : 45164,
				"type" : "VEC3"
			},
			{
				"bufferView": 46,
				"byteOffset" : 0,
				"componentType" : 5126,
				"count" : 45164,
				"type" : "VEC2"
			},
			{
				"bufferView": 51,
				"byteOffset" : 0,
				"componentType" : 5125,
				"count" : 55866,
				"type" : "SCALAR"
			},
			{
				"bufferView": 48,
				"byteOffset" : 0,
				"componentType" : 5126,
				"count" : 28056,
				"type" : "VEC3"
								,"min": [-0.0190499984,-0.00556260021,-0.00556260021]
								,"max": [0.0175259989,0.00556260021,0.00556260021]
			},
			{
				"bufferView": 49,
				"byteOffset" : 0,
				"componentType" : 5126,
				"count" : 28056,
				"type" : "VEC3"
			},
			{
				"bufferView": 50,
				"byteOffset" : 0,
				"componentType" : 5126,
				"count" : 28056,
				"type" : "VEC2"
			},
			{
				"bufferView": 55,
				"byteOffset" : 0,
				"componentType" : 5125,
				"count" : 3288,
				"type" : "SCALAR"
			},
			{
				"bufferView": 52,
				"byteOffset" : 0,
				"componentType" : 5126,
				"count" : 1362,
				"type" : "VEC3"
								,"min": [-0.0154495491,-0.00279848138,-0.00783589948]
								,"max": [-0.00984884892,0.00279848184,0.00783589948]
			},
			{
				"bufferView": 53,
				"byteOffset" : 0,
				"componentType" : 5126,
				"count" : 1362,
				"type" : "VEC3"
			},
			{
				"bufferView": 54,
				"byteOffset" : 0,
				"componentType" : 5126,
				"count" : 1362,
				"type" : "VEC2"
			},
			{
				"bufferView": 59,
				"byteOffset" : 0,
				"componentType" : 5125,
				"count" : 1848,
				"type" : "SCALAR"
			},
			{
				"bufferView": 56,
				"byteOffset" : 0,
				"componentType" : 5126,
				"count" : 824,
				"type" : "VEC3"
								,"min": [-0.018211754,-0.0045180195,0.00569594931]
								,"max": [-0.00708664348,0.00556260021,0.00633094972]
			},
			{
				"bufferView": 57,
				"byteOffset" : 0,
				"componentType" : 5126,
				"count" : 824,
				"type" : "VEC3"
			},
			{
				"bufferView": 58,
				"byteOffset" : 0,
				"componentType" : 5126,
				"count" : 824,
				"type" : "VEC2"
			},
			{
				"bufferView": 63,
				"byteOffset" : 0,
				"componentType" : 5125,
				"count" : 1848,
				"type" : "SCALAR"
			},
			{
				"bufferView": 60,
				"byteOffset" : 0,
				"componentType" : 5126,
				"count" : 828,
				"type" : "VEC3"
								,"min": [-0.018211754,-0.0045180195,-0.00633094925]
								,"max": [-0.00708664348,0.00556260021,-0.00569594884]
			},
			{
				"bufferView": 61,
				"byteOffset" : 0,
				"componentType" : 5126,
				"count" : 828,
				"type" : "VEC3"
			},
			{
				"bufferView": 62,
				"byteOffset" : 0,
				"componentType" : 5126,
				"count" : 828,
				"type" : "VEC2"
			},
			{
				"bufferView": 67,
				"byteOffset" : 0,
				"componentType" : 5125,
				"count" : 3444,
				"type" : "SCALAR"
			},
			{
				"bufferView": 64,
				"byteOffset" : 0,
				"componentType" : 5126,
				"count" : 1504,
				"type" : "VEC3"
								,"min": [0.0215899982,-0.00645246683,-0.00558800017]
								,"max": [0.0256539974,0.0064524659,0.00558799924]
			},
			{
				"bufferView": 65,
				"byteOffset" : 0,
				"componentType" : 5126,
				"count" : 1504,
				"type" : "VEC3"
			},
			{
				"bufferView": 66,
				"byteOffset" : 0,
				"componentType" : 5126,
				"count" : 1504,
				"type" : "VEC2"
			},
			{
				"bufferView": 71,
				"byteOffset" : 0,
				"componentType" : 5125,
				"count" : 6930,
				"type" : "SCALAR"
			},
			{
				"bufferView": 68,
				"byteOffset" : 0,
				"componentType" : 5126,
				"count" : 3140,
				"type" : "VEC3"
								,"min": [-0.0381000005,-0.0380999967,-0.0444499999]
								,"max": [0.0380589664,0.0381000042,0.347952008]
			},
			{
				"bufferView": 69,
				"byteOffset" : 0,
				"componentType" : 5126,
				"count" : 3140,
				"type" : "VEC3"
			},
			{
				"bufferView": 70,
				"byteOffset" : 0,
				"componentType" : 5126,
				"count" : 3140,
				"type" : "VEC2"
			},
			{
				"bufferView": 75,
				"byteOffset" : 0,
				"componentType" : 5125,
				"count" : 588,
				"type" : "SCALAR"
			},
			{
				"bufferView": 72,
				"byteOffset" : 0,
				"componentType" : 5126,
				"count" : 254,
				"type" : "VEC3"
								,"min": [-0.0924559906,-0.0137481503,-0.0119062476]
								,"max": [-0.0861059949,0.013748154,0.0119062494]
			},
			{
				"bufferView": 73,
				"byteOffset" : 0,
				"componentType" : 5126,
				"count" : 254,
				"type" : "VEC3"
			},
			{
				"bufferView": 74,
				"byteOffset" : 0,
				"componentType" : 5126,
				"count" : 254,
				"type" : "VEC2"
			},
			{
				"bufferView": 79,
				"byteOffset" : 0,
				"componentType" : 5125,
				"count" : 50568,
				"type" : "SCALAR"
			},
			{
				"bufferView": 76,
				"byteOffset" : 0,
				"componentType" : 5126,
				"count" : 24892,
				"type" : "VEC3"
								,"min": [-0.108330995,-0.00317499461,-0.00317499787]
								,"max": [0.0123189995,0.00317500206,0.00317500089]
			},
			{
				"bufferView": 77,
				"byteOffset" : 0,
				"componentType" : 5126,
				"count" : 24892,
				"type" : "VEC3"
			},
			{
				"bufferView": 78,
				"byteOffset" : 0,
				"componentType" : 5126,
				"count" : 24892,
				"type" : "VEC2"
			},
			{
				"bufferView": 83,
				"byteOffset" : 0,
				"componentType" : 5125,
				"count" : 8673,
				"type" : "SCALAR"
			},
			{
				"bufferView": 80,
				"byteOffset" : 0,
				"componentType" : 5126,
				"count" : 3157,
				"type" : "VEC3"
								,"min": [-0.209930986,-0.00317499763,-0.0031749981]
								,"max": [-0.0892809927,0.00317500485,0.00317500252]
			},
			{
				"bufferView": 81,
				"byteOffset" : 0,
				"componentType" : 5126,
				"count" : 3157,
				"type" : "VEC3"
			},
			{
				"bufferView": 82,
				"byteOffset" : 0,
				"componentType" : 5126,
				"count" : 3157,
				"type" : "VEC2"
			},
			{
				"bufferView": 87,
				"byteOffset" : 0,
				"componentType" : 5125,
				"count" : 588,
				"type" : "SCALAR"
			},
			{
				"bufferView": 84,
				"byteOffset" : 0,
				"componentType" : 5126,
				"count" : 254,
				"type" : "VEC3"
								,"min": [0.0948689952,-0.013748155,-0.0119062504]
								,"max": [0.101218991,0.0137481503,0.0119062467]
			},
			{
				"bufferView": 85,
				"byteOffset" : 0,
				"componentType" : 5126,
				"count" : 254,
				"type" : "VEC3"
			},
			{
				"bufferView": 86,
				"byteOffset" : 0,
				"componentType" : 5126,
				"count" : 254,
				"type" : "VEC2"
			},
			{
				"bufferView": 91,
				"byteOffset" : 0,
				"componentType" : 5125,
				"count" : 92088,
				"type" : "SCALAR"
			},
			{
				"bufferView": 88,
				"byteOffset" : 0,
				"componentType" : 5126,
				"count" : 45164,
				"type" : "VEC3"
								,"min": [-0.0956309959,-0.0109220007,-0.0109219998]
								,"max": [0.108330995,0.0109220007,0.0109219998]
			},
			{
				"bufferView": 89,
				"byteOffset" : 0,
				"componentType" : 5126,
				"count" : 45164,
				"type" : "VEC3"
			},
			{
				"bufferView": 90,
				"byteOffset" : 0,
				"componentType" : 5126,
				"count" : 45164,
				"type" : "VEC2"
			},
			{
				"bufferView": 95,
				"byteOffset" : 0,
				"componentType" : 5125,
				"count" : 55866,
				"type" : "SCALAR"
			},
			{
				"bufferView": 92,
				"byteOffset" : 0,
				"componentType" : 5126,
				"count" : 28056,
				"type" : "VEC3"
								,"min": [-0.0190499984,-0.00556260021,-0.00556260021]
								,"max": [0.0175259989,0.00556260021,0.00556260021]
			},
			{
				"bufferView": 93,
				"byteOffset" : 0,
				"componentType" : 5126,
				"count" : 28056,
				"type" : "VEC3"
			},
			{
				"bufferView": 94,
				"byteOffset" : 0,
				"componentType" : 5126,
				"count" : 28056,
				"type" : "VEC2"
			},
			{
				"bufferView": 99,
				"byteOffset" : 0,
				"componentType" : 5125,
				"count" : 3288,
				"type" : "SCALAR"
			},
			{
				"bufferView": 96,
				"byteOffset" : 0,
				"componentType" : 5126,
				"count" : 1362,
				"type" : "VEC3"
								,"min": [-0.0154495491,-0.00279848138,-0.00783589948]
								,"max": [-0.00984884892,0.00279848184,0.00783589948]
			},
			{
				"bufferView": 97,
				"byteOffset" : 0,
				"componentType" : 5126,
				"count" : 1362,
				"type" : "VEC3"
			},
			{
				"bufferView": 98,
				"byteOffset" : 0,
				"componentType" : 5126,
				"count" : 1362,
				"type" : "VEC2"
			},
			{
				"bufferView": 103,
				"byteOffset" : 0,
				"componentType" : 5125,
				"count" : 1848,
				"type" : "SCALAR"
			},
			{
				"bufferView": 100,
				"byteOffset" : 0,
				"componentType" : 5126,
				"count" : 824,
				"type" : "VEC3"
								,"min": [-0.018211754,-0.0045180195,0.00569594931]
								,"max": [-0.00708664348,0.00556260021,0.00633094972]
			},
			{
				"bufferView": 101,
				"byteOffset" : 0,
				"componentType" : 5126,
				"count" : 824,
				"type" : "VEC3"
			},
			{
				"bufferView": 102,
				"byteOffset" : 0,
				"componentType" : 5126,
				"count" : 824,
				"type" : "VEC2"
			},
			{
				"bufferView": 107,
				"byteOffset" : 0,
				"componentType" : 5125,
				"count" : 1848,
				"type" : "SCALAR"
			},
			{
				"bufferView": 104,
				"byteOffset" : 0,
				"componentType" : 5126,
				"count" : 828,
				"type" : "VEC3"
								,"min": [-0.018211754,-0.0045180195,-0.00633094925]
								,"max": [-0.00708664348,0.00556260021,-0.00569594884]
			},
			{
				"bufferView": 105,
				"byteOffset" : 0,
